0.257270738,0.186725506,1
0.054275336,0.264648945,1
0.042430264,0.214363143,1
0.166276611,0.197140506,1
0.002283613,0.137559478,1
0.225311153,0.207182443,1
0.372724934,0.415456889,1
0.078593129,0.23037933,1
0.230516633,0.27179438,1
0.12190792,0.183707237,1
0.000175831,0.103031001,1
0.099394599,0.241550293,1
0.11232087,0.24145875,1
0.075161699,0.196110134,1
0.091154381,0.164159736,1
0.292805481,0.387648597,1
0.150580377,0.215508583,1
0.089533957,0.183366616,1
0.003683837,0.173798453,1
0.115359248,0.138458504,1
0.208123088,0.240590627,1
0.325042759,0.363433327,1
0.013833173,0.242529327,1
0.270988738,0.244836889,1
0.004562641,0.141535048,1
0.151624252,0.177749304,1
0.269572027,0.241134494,1
0.188488561,0.214345547,1
0.093388638,0.141385695,1
0.258677437,0.248342782,1
0.138181223,0.195915071,1
0.128715602,0.183607205,1
0.141589623,0.191285669,1
0.112421309,0.200334212,1
0.275028334,0.351353347,1
0.325201484,0.496552815,1
0.175315615,0.133484391,1
0.214982473,0.247839991,1
0.044387547,0.255408251,1
0.248034998,0.341295721,1
0.252980157,0.245045796,1
0.33807384,0.509556611,1
0.127962566,0.239883932,1
0.157236175,0.160735446,1
0.37536271,0.476372038,1
0.085916001,0.39211317,2
0.045153879,0.319231617,2
0.092738732,0.3447049,2
0.06182137,0.23520641,1
0.170007582,0.231668456,1
0.362603886,0.380488336,1
0.185204234,0.221967223,1
0.157559295,0.211132101,1
0.019210776,0.172804919,1
0.216517429,0.235252702,1
0.037297935,0.189036248,1
0.286142759,0.253891739,1
0.109293988,0.208421323,1
0.255468367,0.22184078,1
0.254376192,0.251560009,1
0.089438152,0.14581813,1
0.015593208,0.256678868,1
0.057159961,0.217654416,1
0.487994103,0.425795908,1
0.357638148,0.297065857,1
0.077518947,0.125560135,1
0.059803717,0.158985238,1
0.205376224,0.269431616,1
0.117875899,0.170795304,1
0.128059003,0.091957601,1
0.345186293,0.318800792,1
0.120952787,0.220211584,1
0.163674377,0.136784618,1
0.105267016,0.149223336,1
0.246324382,0.242392995,1
0.263330509,0.33182576,1
0.042299956,0.208504174,1
0.048296151,0.143879883,1
0.477341186,0.418278371,1
0.045035701,0.172519253,1
0.064000819,0.171360518,1
0.244530911,0.240891401,1
0.25076981,0.211823144,1
0.146903451,0.283050208,1
0.141338273,0.220186929,1
0.068817974,0.123175337,1
0.257020926,0.232818521,1
0.043668656,0.168861246,1
0.223167299,0.242095569,1
0.067611045,0.147476323,1
0.368593548,0.361065975,1
0.162847202,0.290260675,1
0.294307012,0.229991052,1
0.300563243,0.220057715,1
0.203378166,0.176119556,1
0.117694745,0.142677509,1
0.059960369,0.567049389,2
0.071096356,0.102994801,1
0.369100363,0.273470388,1
0.057265939,0.500785891,2
0.273303862,0.246667047,1
0.036687436,0.12094298,1
0.029828406,0.259270254,1
0.120868271,0.140533236,1
0.107287348,0.120779621,1
0.06352523,0.522244789,2
0.306734531,0.352107552,1
0.015085572,0.321255861,2
0.009833522,0.134298594,1
0.047202863,0.492201389,2
0.027121449,0.138911225,1
0.150560251,0.242028574,1
0.051487975,0.474646187,2
0.109984431,0.293631807,1
0.135310903,0.147796852,1
0.061949072,0.527992404,2
0.158645454,0.223506915,1
0.16711575,0.124469994,1
0.235999724,0.338178677,1
0.211042495,0.192305332,1
0.053099293,0.449155202,2
0.039925348,0.503451097,2
0.233798067,0.203838658,1
0.055617359,0.493328958,2
0.114820301,0.227491785,1
0.055533124,0.46510367,2
0.206544949,0.317799381,1
0.052582014,0.608270661,2
0.248864286,0.326974343,1
0.055763569,0.356658612,2
0.1826074,0.211037617,1
0.08095474,0.154345786,1
0.059112964,0.58691323,2
0.022165716,0.220407307,1
0.061182766,0.486093009,2
0.017475949,0.159483401,1
0.082759168,0.486851194,2
0.023784827,0.214277063,1
0.042283942,0.310415526,2
0.070267946,0.351538195,2
0.030178295,0.099033828,1
0.005008124,0.179921164,1
0.048700021,0.164718639,1
0.230956846,0.294381628,1
0.277454372,0.219345941,1
0.065817014,0.073695945,1
0.190349505,0.247963632,1
0.194303499,0.146398516,1
0.011928611,0.204900328,1
0.371702401,0.351367986,1
0.217639667,0.234783532,1
0.200154807,0.2739601,1
0.040008764,0.40260182,2
0.073259676,0.260302686,1
0.044414023,0.197990101,1
0.093693815,0.210676102,1
0.23586894,0.186736224,1
0.024769522,0.143482202,1
0.268291577,0.311874391,1
0.000816919,0.127772427,1
0.248169915,0.220250277,1
0.155959419,0.233957763,1
0.384497262,0.303445507,1
0.011772012,0.165617715,1
0.201422252,0.178818807,1
0.056383828,0.130776163,1
1.54E-06,0.139320994,1
0.168387089,0.176426797,1
0.200914577,0.226850904,1
0.007184197,0.067751327,1
0.254926725,0.25040433,1
0.270181959,0.254541031,1
0.165218844,0.197547921,1
0.226987453,0.176043251,1
0.174297831,0.185409802,1
0.280818034,0.2047352,1
0.144762599,0.140373906,1
0.250666183,0.302135143,1
0.089833069,0.195263143,1
0.007727758,0.108471493,1
0.108084805,0.233602769,1
0.32713682,0.407045359,1
0.265871794,0.47573686,1
0.176241955,0.147295765,1
0.045091762,0.126329861,1
0.174785974,0.19576405,1
0.095087187,0.143660017,1
0.155009573,0.239195856,1
0.202393957,0.196707116,1
0.126725654,0.16225572,1
0.117130219,0.227246505,1
0.310379532,0.390577316,1
0.097416611,0.104894655,1
0.489396644,0.501377657,1
0.079770575,0.193815815,1
0.009264609,0.130956439,1
0.114968106,0.136725196,1
0.059010688,0.095297773,1
0.276720644,0.38549053,1
0.09284069,0.176185727,1
0.113248018,0.124539129,1
0.19360421,0.249664188,1
0.093684058,0.313676002,1
0.035198791,0.18492546,1
0.246728284,0.374829839,1
0.303636636,0.372245552,1
0.445252663,0.451258238,1
0.034691559,0.138125645,1
0.491744244,0.458042091,1
0.055850538,0.220437642,1
0.041963693,0.153166925,1
0.012201445,0.158295697,1
0.06354431,0.282120896,1
0.039527803,0.191915474,1
0.39865764,0.383811724,1
0.286019409,0.301707482,1
0.106672798,0.229368027,1
0.026302135,0.165834769,1
0.134391159,0.267981002,1
0.515208906,0.442311605,1
0.101825123,0.172556846,1
0.277663019,0.324647295,1
0.396377548,0.293171022,1
0.173949789,0.269280104,1
0.146493958,0.184393444,1
0.234230381,0.207680027,1
0.428390545,0.43190021,1
0.226443133,0.197269358,1
0.469073513,0.425597294,1
0.164253441,0.222839884,1
0.066739797,0.181781913,1
0.092865052,0.173691114,1
0.224322237,0.230956493,1
0.211562106,0.190784375,1
0.37012094,0.36526814,1
0.138768333,0.105334467,1
0.183081252,0.179264956,1
0.511438443,0.457232886,1
0.258730288,0.265517104,1
0.236844533,0.240117753,1
0.385402537,0.368528143,1
0.070900831,0.11572776,1
0.231334738,0.388084249,1
0.086999854,0.174183046,1
0.084505711,0.204884138,1
0.371227799,0.329932247,1
0.12968852,0.187085859,1
0.103158921,0.143956781,1
0.186521239,0.193868254,1
0.093570629,0.165723578,1
0.330812761,0.3023035,1
0.398164204,0.327156709,1
0.251519459,0.273367053,1
0.164062457,0.187362771,1
0.335963883,0.371401829,1
0.043718607,0.121537987,1
0.178913176,0.29645566,1
0.276853879,0.221082892,1
0.094524854,0.094705856,1
0.069254275,0.604733176,2
0.093262024,0.130703627,1
0.408079045,0.355795716,1
0.259783153,0.205353099,1
0.026201614,0.320756429,2
0.120793842,0.22541876,1
0.075253319,0.500589365,2
0.337432616,0.255922665,1
0.005003912,0.207451989,1
0.063988153,0.442100133,2
0.219225221,0.181262169,1
0.155606353,0.255530866,1
0.043049405,0.108701705,1
0.049376077,0.33091788,2
0.324671361,0.324206246,1
0.123719522,0.156309749,1
0.25349069,0.205739366,1
0.066195025,0.580077701,2
0.324004933,0.431299344,1
0.097200593,0.13115623,1
0.176226721,0.203336763,1
0.154977144,0.185908692,1
0.054267854,0.559739501,2
0.285834351,0.244344273,1
0.267608508,0.292729247,1
0.341085381,0.314917515,1
0.049268988,0.485459741,2
0.010906127,0.180149247,1
0.105999263,0.202531476,1
0.075375715,0.148846095,1
0.263763768,0.260934321,1
0.063511454,0.435643687,2
0.000961507,0.241757435,1
0.223940754,0.203457232,1
0.053171478,0.51092132,2
0.20640561,0.185071304,1
0.059908977,0.471261116,2
0.401285779,0.381625652,1
0.050802179,0.471394638,2
0.057596178,0.139045712,1
0.222291039,0.170976577,1
0.056522646,0.508040567,2
0.052050982,0.424481326,2
0.482848893,0.429445064,1
0.293967107,0.250721933,1
0.041904908,0.528731856,2
0.226298362,0.236675997,1
0.128958067,0.161370748,1
0.055726095,0.476337186,2
0.058933711,0.572729778,2
0.2363038,0.240549415,1
0.065731246,0.285608463,1
0.091492214,0.421947426,2
0.092099424,0.423963944,2
0.198163074,0.147506053,1
0.18669372,0.141863092,1
0.070430868,0.18565644,1
0.090702186,0.095933002,1
0.313142177,0.236853043,1
0.078587147,0.218085389,1
0.089847293,0.07998705,1
0.37111386,0.338439957,1
0.076197343,0.117574757,1
0.193504616,0.168020667,1
0.394534122,0.275874777,1
0.207328644,0.158386402,1
0.222421986,0.158950322,1
0.064498961,0.294420999,1
0.055870167,0.189735896,1
0.261848028,0.251033955,1
0.07125916,0.273623942,1
0.238401908,0.386503304,1
0.080750982,0.083281887,1
0.177525744,0.3815571,1
0.235488197,0.229857627,1
0.191005046,0.178131403,1
0.248954076,0.153359858,1
0.298029201,0.407673415,1
0.153499382,0.131413313,1
0.157869688,0.14180675,1
0.357632446,0.353870684,1
0.07623356,0.193696697,1
0.283383484,0.461576114,1
0.014338717,0.298530229,1
0.197791678,0.318091478,1
0.184409716,0.317317356,1
0.261042824,0.263665867,1
0.203489317,0.340923578,1
0.19689203,0.238797374,1
0.040570888,0.205682647,1
0.000906444,0.218731877,1
0.004296024,0.194914488,1
0.211457477,0.364195838,1
0.302766168,0.424262739,1
0.240692837,0.280056869,1
0.131065422,0.180410682,1
0.455641215,0.497489822,1
0.151535594,0.19769031,1
0.00385371,0.213722816,1
0.1039524,0.123874915,1
0.010140797,0.153259697,1
0.078366785,0.075593126,1
0.160234111,0.18000236,1
0.029295842,0.138224239,1
0.345654399,0.402661269,1
0.021447965,0.130102774,1
0.327850861,0.459903089,1
0.132008465,0.162588676,1
0.234775597,0.271175813,1
0.011331808,0.333177651,2
0.451389026,0.343033019,1
0.062830854,0.717644765,2
0.025438442,0.236418063,1
0.047899503,0.120388451,1
0.093315125,0.25382207,1
0.044429322,0.354038646,2
0.045152908,0.154152183,1
0.068025019,0.217020995,1
0.167868042,0.172453771,1
0.159606565,0.229271503,1
0.166546292,0.193878793,1
0.213311405,0.180665603,1
0.261177831,0.201565479,1
0.085040329,0.104371198,1
0.060253959,0.169459729,1
0.294084228,0.226864399,1
0.275573667,0.201506824,1
0.361108165,0.349572355,1
0.194985105,0.137119898,1
0.145367311,0.168279325,1
0.130470315,0.249653329,1
0.497821436,0.46494947,1
0.203683174,0.157650473,1
0.105201256,0.179326166,1
0.001806297,0.145917591,1
0.286624255,0.281022046,1
0.093284831,0.188591069,1
0.010666987,0.121747338,1
0.009459578,0.121627284,1
0.379600324,0.363133842,1
0.15991338,0.224558297,1
0.272768909,0.183709546,1
0.026935542,0.11557231,1
0.206303471,0.269749013,1
0.330203889,0.298640923,1
0.016948485,0.090385654,1
0.252135956,0.193759277,1
0.276568163,0.193406293,1
0.114851909,0.175737404,1
0.393729912,0.298484588,1
0.304942037,0.215844664,1
0.323183031,0.266518068,1
0.277043951,0.235437981,1
0.17233441,0.120196823,1
0.363008524,0.363887638,1
0.13801597,0.123698626,1
0.101316111,0.097283958,1
0.268314141,0.189471929,1
0.064532477,0.236373259,1
0.056971388,0.452431534,2
0.045202057,0.168036372,1
0.017687638,0.090430657,1
0.231129237,0.212706261,1
0.062896742,0.470333011,2
0.411534528,0.343362161,1
0.244071981,0.262877972,1
0.232329079,0.152380117,1
0.162625237,0.198636503,1
0.267341749,0.210258101,1
0.056636589,0.551413881,2
0.452924873,0.471744608,1
0.113659472,0.117802213,1
0.198850515,0.147434028,1
0.04910351,0.432841444,2
0.033596354,0.083289484,1
0.181822957,0.209521833,1
0.070199089,0.4719913,2
0.293649341,0.215516521,1
0.315847066,0.3344313,1
0.053581793,0.42813229,2
0.009279022,0.144342411,1
0.057859836,0.36449148,2
0.1400445,0.237645235,1
0.22499259,0.220202289,1
0.203761291,0.218076566,1
0.059112725,0.442306558,2
0.059211383,0.514918578,2
0.143764263,0.225953056,1
0.095815953,0.089215321,1
0.050638126,0.50989931,2
0.054205488,0.445344035,2
0.202989957,0.141665754,1
0.337407022,0.374625103,1
0.062844938,0.549478318,2
0.330679092,0.26652979,1
0.214965147,0.266856002,1
0.061566872,0.533619877,2
0.062705389,0.135169601,1
0.054144794,0.232984501,1
0.162216211,0.132891632,1
0.266118325,0.222716793,1
0.353117162,0.241371852,1
0.171531885,0.133983028,1
0.129504277,0.220751847,1
0.137150043,0.126856415,1
0.164845135,0.172373363,1
0.113186445,0.249952413,1
0.160980067,0.129849956,1
0.028252448,0.057733216,1
0.289944184,0.280539113,1
0.203401391,0.271430615,1
0.01585478,0.346132494,2
0.565861772,0.412689086,1
0.387633565,0.389543654,1
0.004720013,0.206376123,1
0.052155508,0.226374473,1
0.268010135,0.249530942,1
0.008756576,0.125400053,1
0.103275313,0.172742519,1
0.331074608,0.39694735,1
0.097608338,0.313854289,1
0.399472253,0.255854222,1
0.187835339,0.187593883,1
0.065886917,0.177687349,1
0.252899068,0.204389744,1
0.23894323,0.247161908,1
0.273303747,0.310185928,1
0.046343018,0.141398499,1
0.00272619,0.05755789,1
0.233078249,0.179487892,1
0.206805907,0.185359113,1
0.002692065,0.074034715,1
0.166530112,0.162347439,1
0.142081573,0.176091469,1
0.229999686,0.213899537,1
0.202273057,0.234641446,1
0.181834293,0.177572103,1
0.123656181,0.157544791,1
0.115577154,0.216132187,1
0.128849004,0.165624306,1
0.146559823,0.159077862,1
0.154188297,0.153372179,1
0.050864288,0.114702036,1
0.057265066,0.152051793,1
0.201680238,0.241030354,1
0.132440129,0.159331619,1
0.351597136,0.411600863,1
0.211436913,0.16175457,1
0.166486189,0.300504839,1
0.222257421,0.344834032,1
0.106785674,0.190499424,1
0.357053102,0.396227532,1
0.163766156,0.168699312,1
0.101863455,0.074728509,1
0.394296897,0.454969618,1
0.001759839,0.166471715,1
0.068263401,0.194002171,1
0.029957815,0.163698164,1
0.033016402,0.382017681,2
0.092211301,0.270304554,1
0.107269506,0.468963817,2
0.212922561,0.184256947,1
0.418880597,0.339657094,1
0.004933834,0.117100617,1
0.20161763,0.164015212,1
0.249045889,0.187686388,1
0.183209519,0.138098136,1
0.179253349,0.145759537,1
0.118021264,0.155063099,1
0.186150201,0.28753659,1
0.296561083,0.274838811,1
0.254984693,0.176134438,1
0.064171527,0.170204002,1
0.07854839,0.202898679,1
0.533054912,0.417292373,1
0.243417494,0.23922788,1
0.059867374,0.188286457,1
0.146037244,0.11270289,1
0.251338185,0.294805916,1
0.059963689,0.051969374,1
0.112853519,0.169764633,1
0.179325441,0.388439509,1
0.058786523,0.174813958,1
0.261266586,0.267886909,1
0.21326204,0.289286813,1
0.118844169,0.249624503,1
0.12217298,0.108230604,1
0.126351921,0.149784189,1
0.007829079,0.353052071,2
0.211400445,0.270902815,1
0.012834714,0.228533969,1
0.121948461,0.121108304,1
0.305344064,0.310095447,1
0.537739685,0.399987095,1
0.271223028,0.171178271,1
0.078364213,0.156087564,1
0.13283398,0.233398928,1
0.072005353,0.560425869,2
0.123752348,0.374373351,2
0.066442752,0.266454525,1
0.005704739,0.193198805,1
0.001712945,0.189371592,1
0.002395122,0.195335514,1
0.073166543,0.530402883,2
0.163221749,0.224412791,1
0.233627647,0.23399451,1
0.007563983,0.076181016,1
0.068032449,0.551696284,2
0.205714234,0.175288795,1
0.07671759,0.170072566,1
0.065940179,0.533394135,2
0.22021226,0.21694415,1
0.056706363,0.480392965,2
0.001158086,0.18735583,1
0.109752578,0.215315136,1
0.239572913,0.323647877,1
0.138313525,0.355454553,2
0.058198443,0.560951833,2
0.008732573,0.097382299,1
0.08045629,0.152647949,1
0.055193709,0.573279916,2
0.11180752,0.171467829,1
0.063684392,0.427787105,2
0.31113767,0.246227446,1
0.058545925,0.346823036,2
0.060939193,0.523948981,2
0.077919858,0.142475965,1
0.239960493,0.259267505,1
0.059079118,0.390196182,2
0.108568376,0.264962682,1
0.058970011,0.507293542,2
0.060364998,0.424792802,2
0.26595847,0.217050467,1
0.200296337,0.260996456,1
0.060659156,0.489819804,2
0.209418043,0.227823355,1
0.060301859,0.598800327,2
0.443112406,0.411113798,1
0.027875208,0.202373077,1
0.006413539,0.348864454,2
0.013352552,0.243564346,1
0.177864462,0.171725922,1
0.053253933,0.15200424,1
0.284568374,0.221368103,1
0.130588093,0.253502526,1
0.161992566,0.109604864,1
0.109728818,0.222703775,1
0.06577721,0.101684213,1
0.129497688,0.207336791,1
0.01013815,0.132579609,1
0.207032758,0.157299651,1
0.201855248,0.151094272,1
0.092765494,0.167822723,1
0.227301299,0.192694612,1
0.281951922,0.266895082,1
0.180026576,0.158274175,1
0.195001483,0.216526011,1
0.201729357,0.203307229,1
0.141524789,0.156572916,1
0.181871192,0.132264012,1
0.000199653,0.048810003,1
0.181267547,0.164313753,1
0.397796167,0.482726943,1
0.146851716,0.17185495,1
0.273673265,0.232119589,1
0.186627097,0.219316543,1
0.125662405,0.142401763,1
0.209270318,0.208150997,1
0.310859889,0.308439764,1
0.004591561,0.211503458,1
0.012342962,0.180476937,1
0.385681462,0.433119322,1
0.168009752,0.275285591,1
0.402082613,0.430169899,1
0.091292834,0.213763079,1
0.094067552,0.253830034,1
0.378338025,0.47839532,1
0.090794462,0.221910727,1
0.384438709,0.470181472,1
0.031707867,0.414230055,2
0.091349291,0.385798053,2
0.071190549,0.271742038,1
0.029099842,0.188397267,1
0.081502013,0.190112717,1
0.2925359,0.312388453,1
0.001745875,0.047668439,1
0.139665227,0.222996699,1
0.007380761,0.144571881,1
0.158642973,0.18186376,1
0.009769697,0.116271761,1
0.003000425,0.137461146,1
0.398888169,0.243402972,1
0.334993793,0.320183142,1
0.429180127,0.35433636,1
0.026777479,0.098062654,1
0.005163275,0.090474467,1
0.26781186,0.211058219,1
0.000440395,0.103105136,1
0.047797544,0.092707859,1
0.153487493,0.25414128,1
0.241229568,0.208246161,1
0.244624145,0.252589674,1
0.046138867,0.214791145,1
0.221973457,0.186068003,1
0.167304224,0.191856565,1
0.180219274,0.137896215,1
0.034123063,0.128999112,1
0.238950366,0.244087442,1
0.009198288,0.075320687,1
0.243311884,0.19876967,1
0.151242192,0.265894801,1
0.19677253,0.202861011,1
0.558154037,0.425979991,1
0.04544624,0.132900562,1
0.144712524,0.245105103,1
0.230242876,0.201911976,1
0.178524498,0.308903052,1
0.288700312,0.22223217,1
0.049020595,0.065338803,1
0.184119299,0.162356075,1
0.174385251,0.179208287,1
0.078256957,0.092279153,1
0.040522747,0.124127127,1
0.095117332,0.213416624,1
0.271118935,0.240884513,1
0.169305133,0.251881326,1
0.01095385,0.093592276,1
0.063457781,0.458792453,2
0.183921788,0.215212981,1
0.007491787,0.061169036,1
0.049560481,0.455453501,2
0.218207348,0.234254145,1
0.069856648,0.124435769,1
0.059185596,0.436008248,2
0.107163623,0.155199317,1
0.290009434,0.418236721,1
0.334118118,0.456758834,1
0.067232738,0.495588175,2
0.00862045,0.088236348,1
0.224615598,0.265957814,1
0.286199826,0.237449907,1
0.530755949,0.400001267,1
0.045636556,0.305256508,2
0.194010412,0.334087958,1
0.039997817,0.158479984,1
0.061032053,0.52984346,2
0.151595908,0.171311194,1
0.14848247,0.213005033,1
0.18748808,0.227619983,1
0.057955587,0.38633572,2
0.007227835,0.087429671,1
0.063120224,0.470761693,2
0.108747648,0.130447826,1
0.149189029,0.207442294,1
0.083544011,0.129763223,1
0.328169435,0.340592338,1
0.047282168,0.410003018,2
0.046396852,0.418975404,2
0.018027963,0.301462265,2
0.013906348,0.13676647,1
0.188271595,0.149500471,1
0.312314282,0.374433789,1
0.055762801,0.485396448,2
0.055942913,0.441105116,2
0.000700182,0.102781884,1
0.148802621,0.204605675,1
0.057628468,0.43402656,2
0.207685993,0.21667108,1
0.040113682,0.28139874,1
0.053545567,0.31258689,2
0.02537306,0.16728713,1
0.365687784,0.320911144,1
0.000159999,0.062173692,1
0.188667097,0.191092943,1
0.570779044,0.457149705,1
0.20485416,0.185773513,1
0.012711326,0.185192508,1
0.036291453,0.141682031,1
0.088268102,0.149367717,1
0.076094914,0.118330811,1
0.178923132,0.149835442,1
0.164748584,0.163859394,1
0.0097991,0.134190255,1
0.317730119,0.32356089,1
0.199279757,0.194853879,1
0.207190379,0.370670721,1
0.158594031,0.156035459,1
0.065281438,0.411706722,2
0.066389128,0.41447064,2
0.024552362,0.273426001,1
0.282424018,0.186954512,1
0.009253291,0.126779681,1
0.095703456,0.361869437,2
0.214192648,0.15596041,1
0.167759694,0.301291095,1
0.141842556,0.115357246,1
0.249871133,0.18302915,1
0.330000686,0.405307241,1
0.123795928,0.156353843,1
0.201980655,0.161578349,1
0.267246808,0.202665185,1
0.060048254,0.061654063,1
0.130668462,0.114718236,1
0.256978368,0.171305569,1
0.34700933,0.351335163,1
0.152721466,0.17436156,1
0.174719067,0.11487054,1
0.039744883,0.180936828,1
0.244539025,0.235959094,1
0.271236668,0.167759607,1
0.268106826,0.249436443,1
0.224226158,0.191370489,1
0.208915429,0.23174344,1
0.386082611,0.442875472,1
0.22117798,0.147335095,1
0.111345578,0.190010397,1
0.065122322,0.179396065,1
0.191573306,0.196340857,1
0.305609061,0.404287392,1
0.195049786,0.230131955,1
0.132637842,0.162180829,1
0.094123597,0.368737852,2
0.09102156,0.359719397,2
0.070773879,0.168971532,1
0.054940332,0.254701733,1
0.041192304,0.340231386,2
0.008450492,0.112335135,1
0.169087947,0.290709527,1
0.281147677,0.297269071,1
0.245251189,0.346105552,1
0.049862581,0.26808198,1
0.183316253,0.182259075,1
0.282439656,0.308713287,1
0.278239278,0.274740997,1
0.180029529,0.24003285,1
0.299242004,0.282598831,1
0.006780261,0.158297594,1
0.506250594,0.415485331,1
0.137044004,0.155282281,1
0.285492615,0.220050359,1
0.146555097,0.347714597,2
0.093120036,0.223145539,1
0.15737363,0.300618081,1
0.427546035,0.413403254,1
0.455863451,0.392663103,1
0.163953315,0.211524638,1
0.036394452,0.179040756,1
0.234368039,0.280391268,1
0.177680209,0.198168355,1
0.276947803,0.211755348,1
0.341560671,0.319411816,1
0.076451435,0.163286617,1
0.353913472,0.332858239,1
0.112822547,0.192668963,1
0.097521911,0.285254614,1
0.136386262,0.1700893,1
0.229115148,0.241448134,1
0.161167714,0.181055761,1
0.184692331,0.251412054,1
0.443622337,0.408923842,1
0.187961277,0.284370419,1
0.009514285,0.14060787,1
0.070829922,0.174143983,1
0.322715558,0.306386755,1
0.057691864,0.573205085,2
0.142905842,0.185016843,1
0.502475605,0.40680273,1
0.036206652,0.220176927,1
0.074780593,0.217191755,1
0.030121105,0.146758729,1
0.419132209,0.473997412,1
0.013054517,0.227919828,1
0.056980302,0.616245466,2
0.248828074,0.245828432,1
0.327646545,0.317799626,1
0.341093433,0.284371033,1
0.06279739,0.536690289,2
0.248655757,0.315601165,1
0.189806205,0.205812749,1
0.012636629,0.22873303,1
0.05788752,0.458785121,2
0.47146564,0.379375703,1
0.18593813,0.268907136,1
0.079882911,0.168719285,1
0.033023924,0.198245536,1
0.060337781,0.503647934,2
0.368153642,0.309189736,1
0.224604572,0.192177665,1
0.503460105,0.370868449,1
0.058359961,0.386846863,2
0.134723662,0.154606116,1
0.087656894,0.213475682,1
0.061340538,0.417918519,2
0.296546653,0.356795916,1
0.561073715,0.431651065,1
0.15066606,0.148471589,1
0.108522681,0.237976227,1
0.056842816,0.412695706,2
0.347987912,0.27284076,1
0.221448942,0.264399267,1
0.038134479,0.47036111,2
0.314025948,0.207336792,1
0.055140653,0.405407796,2
0.046306822,0.404607595,2
0.048112324,0.256092045,1
0.388241662,0.398244843,1
0.062385483,0.463981251,2
0.213908069,0.169348762,1
0.054014804,0.64301991,2
0.053480505,0.477134577,2
0.164390001,0.163770861,1
0.055276254,0.386844751,2
0.263527831,0.30056937,1
0.095963485,0.23147515,1
0.334067142,0.298335958,1
0.039863866,0.184053547,1
0.048160976,0.190853871,1
0.020429529,0.128629854,1
0.349432571,0.400125992,1
0.308321189,0.236479166,1
0.277187233,0.219730523,1
0.187649901,0.203506768,1
0.49046938,0.413675597,1
0.362714657,0.330679546,1
0.401148503,0.429947841,1
0.26458123,0.192950239,1
0.323537399,0.460887446,1
0.339903826,0.26570104,1
0.132239355,0.168904452,1
0.292548957,0.315824421,1
0.219046727,0.231906471,1
0.40830319,0.369932802,1
0.312212396,0.24998908,1
0.269261253,0.257251408,1
0.196427057,0.296962516,1
0.134521256,0.158430808,1
0.201467948,0.237839882,1
0.303242458,0.317496085,1
0.251044632,0.186072847,1
0.098780929,0.444683636,2
0.055152581,0.354797638,2
0.002891439,0.124864201,1
0.391769425,0.402772599,1
0.214265215,0.272129357,1
0.257844878,0.167092511,1
0.012435753,0.230309366,1
0.236628376,0.188551584,1
0.235736273,0.271745123,1
0.072797344,0.130212326,1
0.153095403,0.19422262,1
0.192865833,0.24963168,1
0.009365098,0.15378115,1
0.235078456,0.220696466,1
0.108142898,0.200945135,1
0.394585006,0.437715318,1
0.170486086,0.253395293,1
0.198706284,0.200019307,1
0.198003237,0.141921904,1
0.012769518,0.245082626,1
0.051808949,0.299224579,2
0.083915787,0.216872092,1
0.147536635,0.284408923,1
0.003091397,0.21649552,1
0.276114796,0.353705814,1
0.409445968,0.432994525,1
0.0778501,0.303884465,1
0.030399568,0.198096698,1
0.088426704,0.199693535,1
0.023275767,0.232326579,1
0.203417406,0.310458996,1
0.011711375,0.21954842,1
0.00186678,0.12821614,1
0.044732112,0.195954785,1
0.292415007,0.290734038,1
0.454346192,0.420223379,1
0.156511005,0.275647542,1
0.011576934,0.196980835,1
0.322533998,0.371222652,1
0.121841133,0.238625358,1
0.071495547,0.205683448,1
0.34807925,0.355198033,1
0.010211377,0.156979431,1
0.197377252,0.273966274,1
0.312980338,0.359052227,1
0.093686103,0.251575523,1
0.33534755,0.339945122,1
0.162527808,0.336298678,2
0.009949033,0.156197081,1
0.438160531,0.408793443,1
0.477815197,0.454669313,1
0.292033934,0.288345542,1
0.358963303,0.306123623,1
0.148708796,0.183888129,1
0.280192223,0.314116108,1
0.093529494,0.19395079,1
0.443750061,0.389138692,1
0.004879357,0.183182547,1
0.216930223,0.284682126,1
0.124067514,0.258506354,1
0.000935013,0.192010493,1
0.41154803,0.393057281,1
0.137512687,0.180371723,1
0.474574263,0.491370722,1
0.340395648,0.432979968,1
0.552162924,0.412041203,1
0.105977925,0.303026957,1
0.325110288,0.326252717,1
0.199016395,0.212461107,1
0.346683314,0.347222069,1
0.067746976,0.772838575,2
0.009297848,0.137422651,1
0.111830159,0.326662785,2
0.233778176,0.325674294,1
0.318323757,0.338008334,1
0.069703093,0.590105097,2
0.185130051,0.235792084,1
0.037954644,0.170578226,1
0.165574239,0.214612435,1
0.012752764,0.209063602,1
0.225839164,0.245160824,1
0.094825129,0.267409949,1
0.063988743,0.586603446,2
0.228009078,0.292105992,1
0.127735647,0.239488006,1
0.057724765,0.502661122,2
0.196681068,0.259309397,1
0.418890582,0.355195745,1
0.255973476,0.254339264,1
0.05545395,0.560140748,2
0.071076855,0.19926147,1
0.063539754,0.500521573,2
0.370920625,0.281224236,1
0.043288658,0.109579463,1
0.061450426,0.578537597,2
0.005446913,0.12905263,1
0.499190524,0.387779992,1
0.049501432,0.342094359,2
0.130490156,0.22814913,1
0.281773287,0.455373684,1
0.342605144,0.504375849,1
0.037236016,0.379888601,2
0.073406134,0.178214986,1
0.20309829,0.286621714,1
0.123296809,0.299049579,1
0.152943644,0.158410774,1
0.059269279,0.571385343,2
0.252662516,0.159967086,1
0.056221179,0.524341518,2
0.32009013,0.23576206,1
0.175025385,0.198863447,1
0.05379429,0.487860329,2
0.076878688,0.320861697,1
0.010458135,0.193311154,1
0.051831966,0.494773182,2
0.056997269,0.415021784,2
0.096128679,0.233155329,1
0.147125786,0.172174443,1
0.012005024,0.116610263,1
0.044893871,0.30574707,2
0.028976415,0.29072161,2
0.039882811,0.21248346,1
0.171656522,0.211762983,1
0.182980227,0.211880211,1
0.286475289,0.186191253,1
0.104355598,0.26899776,1
0.276399218,0.293511947,1
0.12022334,0.167103394,1
0.025268188,0.296444999,2
0.196566927,0.200852011,1
0.261901439,0.261400796,1
0.094582556,0.089954705,1
0.154633866,0.151304783,1
0.31908612,0.319436261,1
0.375750371,0.273081212,1
0.171960781,0.20207666,1
0.207919918,0.162132827,1
0.325330331,0.243864413,1
0.357807191,0.288261165,1
0.217932512,0.1676718,1
0.001253453,0.127325269,1
0.296019939,0.299852894,1
0.249159187,0.182132895,1
0.285197758,0.309828126,1
0.262767517,0.297282747,1
0.280773096,0.222890664,1
0.184638375,0.192117123,1
0.278106447,0.252880934,1
0.295360034,0.237453363,1
0.2685391,0.383949798,1
0.145054935,0.229473039,1
0.128879394,0.176704496,1
0.016367574,0.287681133,1
0.054088117,0.170099675,1
0.230379317,0.242218436,1
0.192131267,0.287341532,1
0.226826523,0.23859626,1
0.179721996,0.285676392,1
0.005045262,0.212378627,1
0.263393964,0.229251399,1
0.242255341,0.276436576,1
0.179433088,0.207307253,1
0.119182749,0.12836604,1
0.16213427,0.277354555,1
0.245724894,0.198377206,1
0.277009787,0.25564079,1
0.182871741,0.196791466,1
0.060792959,0.15073384,1
0.37264015,0.498293282,1
0.225436966,0.306563915,1
0.002153713,0.206761365,1
0.236066355,0.178173725,1
0.026891401,0.146610728,1
0.253876986,0.163444411,1
0.015221464,0.199767916,1
0.176426862,0.175388131,1
0.038446581,0.196286272,1
0.013503258,0.218096301,1
0.008161213,0.08082408,1
0.266386539,0.189608116,1
0.466015812,0.491077106,1
0.40172249,0.467113,1
0.013732761,0.216450468,1
0.059926737,0.271706925,1
0.278069972,0.319662965,1
0.069153453,0.145648275,1
0.014816648,0.227545812,1
0.010369204,0.136416412,1
0.15825012,0.325656018,1
0.059147807,0.190234484,1
0.005745008,0.155332256,1
0.234241282,0.256826675,1
0.190076016,0.351634353,1
0.001491029,0.209591694,1
0.102109866,0.279747059,1
0.326935816,0.294924238,1
0.119720382,0.237330446,1
0.305166718,0.279633159,1
0.386801515,0.353650572,1
0.030672238,0.189549933,1
0.075952961,0.198896766,1
0.129937795,0.218317546,1
0.152033058,0.279507686,1
0.130292371,0.154025768,1
0.080547862,0.200109503,1
0.081988542,0.262848612,1
0.169693444,0.21487242,1
0.004708062,0.17111145,1
0.139757572,0.260507364,1
0.416839806,0.365980884,1
0.229661647,0.321405718,1
0.346138801,0.36631046,1
0.005269442,0.300707953,1
0.166558435,0.331682425,2
0.230495075,0.300853312,1
0.03595802,0.195240233,1
0.22337564,0.285052434,1
0.124523087,0.236414733,1
0.319406969,0.323085713,1
0.043806037,0.23792187,1
0.006755742,0.280850469,1
0.221197379,0.335324714,1
0.160333598,0.272469507,1
0.399611298,0.322936541,1
0.161612685,0.274162914,1
0.007035691,0.171562773,1
0.228512706,0.230294244,1
0.115391949,0.256019266,1
0.145910766,0.204006961,1
0.055622977,0.222281338,1
0.043727557,0.226060865,1
0.34031008,0.432553594,1
0.010883296,0.184582493,1
0.071577352,0.180784666,1
0.005377556,0.18811588,1
0.012726366,0.229830134,1
0.007223259,0.247797868,1
0.292307765,0.286718194,1
0.070165622,0.571322703,2
0.004487667,0.190933816,1
0.175262846,0.286686944,1
0.091460338,0.249710398,1
0.03591826,0.14690102,1
0.063257498,0.556186232,2
0.450911127,0.490397618,1
0.05570658,0.399023009,2
0.156228438,0.275698712,1
0.194607648,0.303204223,1
0.055735983,0.634468153,2
0.075613807,0.13021146,1
0.256081524,0.245026663,1
0.463009455,0.393677973,1
0.374196095,0.442204679,1
0.162125554,0.240590032,1
0.079370032,0.260494359,1
0.05735003,0.476026986,2
0.051825628,0.192034549,1
0.004933235,0.16790256,1
0.057926213,0.43615935,2
0.281817315,0.385938601,1
0.057351458,0.45959253,2
0.085340196,0.314722874,1
0.200737141,0.329102858,1
0.215634792,0.289081059,1
0.056536475,0.527618997,2
0.176423022,0.211366703,1
0.261554443,0.301963356,1
0.045153656,0.297286774,2
0.237333211,0.327682479,1
3.16E-05,0.159670339,1
0.051342297,0.47873161,2
0.177563052,0.277308983,1
0.043704565,0.206224196,1
0.05582689,0.475427742,2
0.110223234,0.306469901,1
0.050579378,0.481758635,2
0.062237876,0.537446815,2
0.118558157,0.160089885,1
0.103741613,0.257714874,1
0.075027289,0.232941064,1
0.102613808,0.510552161,2
0.106300621,0.52080426,2
0.01339423,0.129156117,1
0.299428521,0.304257837,1
0.366211234,0.340164664,1
0.073493406,0.185762252,1
0.149108623,0.263436842,1
0.198721678,0.253809097,1
0.232896299,0.185421869,1
0.07081654,0.543843912,2
0.128166143,0.357050477,2
0.150321458,0.310122199,1
0.108952333,0.360818001,2
0.050747732,0.211874014,1
0.201150187,0.202421516,1
0.011692573,0.177725084,1
0.100399423,0.174650389,1
0.266145523,0.355765549,1
0.145831073,0.178604051,1
0.206278889,0.247874759,1
0.230674677,0.334660734,1
0.146626528,0.222658234,1
0.022180173,0.212358273,1
0.302902431,0.272354553,1
0.012735573,0.227973572,1
0.398984499,0.320239265,1
0.186241348,0.296101113,1
0.000406318,0.14457685,1
0.181067991,0.242291234,1
0.28423152,0.315984668,1
0.038365738,0.158909729,1
0.16098032,0.239745542,1
0.000122482,0.195235567,1
0.039276841,0.171431553,1
0.096554475,0.155297831,1
0.157879631,0.25430333,1
0.042649726,0.294441099,2
0.001863413,0.214304729,1
0.11532256,0.250110212,1
0.012023238,0.226427694,1
0.003165946,0.159649169,1
0.413083037,0.44021024,1
0.06953877,0.406050078,2
0.046478126,0.215869211,1
0.235632423,0.26917119,1
0.112947275,0.305371036,1
0.016837119,0.275638879,1
0.217644264,0.328078039,1
0.066137637,0.193041315,1
0.213925537,0.336632975,1
0.202191839,0.212723426,1
0.286926461,0.246292582,1
0.205247133,0.248659845,1
0.182884748,0.234243601,1
0.281089379,0.301672598,1
0.114429269,0.235683206,1
0.29999803,0.262365657,1
0.050172619,0.196503281,1
0.007868865,0.117339763,1
0.370263603,0.358255945,1
0.096974299,0.180560728,1
0.095341436,0.194914468,1
0.013998443,0.214287505,1
0.349935096,0.297510391,1
0.269363741,0.308427132,1
0.453305593,0.364397351,1
0.209221198,0.33798837,1
0.070515113,0.158031095,1
0.013519137,0.248182577,1
0.100994264,0.170940688,1
0.279901437,0.261532118,1
0.044300293,0.140163807,1
0.205160933,0.244214086,1
0.068580226,0.31879057,1
0.284014409,0.272335229,1
0.011922005,0.24115464,1
0.146811312,0.351348076,2
0.051751191,0.147848637,1
0.112982831,0.20540013,1
0.289656456,0.251854539,1
0.113175815,0.153936405,1
0.087246989,0.161474555,1
0.087038157,0.185699924,1
0.047237216,0.161447658,1
0.066725796,0.455663407,2
0.013957205,0.273406716,1
0.404083535,0.331187048,1
0.067467975,0.52286302,2
0.232906719,0.275579456,1
0.169453453,0.189149085,1
0.247328199,0.270538033,1
0.050808225,0.475697624,2
0.21900232,0.313979673,1
0.10661152,0.291204993,1
0.184219726,0.198774561,1
0.064160359,0.597792204,2
0.053692643,0.40691316,2
0.359446031,0.456228084,1
0.174764632,0.192331957,1
0.047558411,0.525847056,2
0.001800015,0.171476885,1
0.047950183,0.192367513,1
0.055268852,0.498960671,2
0.01484795,0.309178393,2
0.057962469,0.114426527,1
0.052170033,0.358133053,2
0.196886836,0.269895875,1
0.349747601,0.284563965,1
0.056903627,0.53023721,2
0.064350024,0.548315663,2
0.190615238,0.252061698,1
0.057730295,0.102867153,1
0.051639854,0.647532698,2
0.246364355,0.289183831,1
0.258014086,0.29088242,1
0.231864987,0.275409942,1
0.160824432,0.192085171,1
0.057060962,0.406204435,2
0.056157823,0.443092305,2
0.137949158,0.164647138,1
0.425479453,0.460131304,1
0.056534994,0.42297894,2
0.250561221,0.313616299,1
0.037255424,0.468726225,2
0.087515449,0.519247634,2
0.041879935,0.420613408,2
0.229318492,0.287604068,1
0.252977615,0.303873803,1
0.000936996,0.189677604,1
0.229330916,0.255750557,1
0.370711555,0.392608547,1
0.106945474,0.160253802,1
0.101121079,0.24585236,1
0.18410673,0.221840356,1
0.238612016,0.233982302,1
0.301431739,0.278045874,1
0.068273505,0.2389801,1
0.273783087,0.42138941,1
0.039251035,0.131194711,1
0.069212751,0.187463845,1
0.143481606,0.199912669,1
0.077285509,0.178994003,1
0.265055912,0.238730512,1
0.317605672,0.275020572,1
0.227479593,0.295267902,1
0.174139053,0.324733981,1
0.372301952,0.378908466,1
0.113025884,0.176419264,1
0.086695869,0.224001863,1
0.236666026,0.345159879,1
0.084116591,0.206597063,1
0.117986864,0.241295434,1
0.269045208,0.316515784,1
0.004188749,0.193940858,1
0.369465024,0.380154489,1
0.244501263,0.277756076,1
0.125902804,0.195933581,1
0.054745994,0.178813179,1
0.244627306,0.195504439,1
0.156921794,0.263907401,1
0.444449239,0.473433846,1
0.321504023,0.437433662,1
0.204287828,0.28955757,1
0.003916454,0.204651837,1
0.072756902,0.255779034,1
0.256017517,0.319903016,1
0.100557287,0.468952716,2
0.140648264,0.238994219,1
0.045795849,0.563306487,2
0.000337686,0.196931934,1
0.047984599,0.258267407,1
0.305302474,0.305929743,1
0.010697186,0.164283215,1
0.01329244,0.23711125,1
0.065673045,0.111534898,1
0.102206077,0.217664022,1
0.245331832,0.258551126,1
0.252373383,0.311388826,1
0.002280825,0.172455068,1
0.239546227,0.372752764,1
0.147890814,0.204731457,1
0.317735278,0.234836084,1
0.331405832,0.362834854,1
0.120356704,0.172230047,1
0.094314828,0.22986431,1
0.270409641,0.341437455,1
0.478812152,0.401787785,1
0.08137643,0.237000681,1
0.012348313,0.1887994,1
0.39052445,0.336373999,1
0.333213849,0.334016741,1
0.204241805,0.352964005,1
0.082797727,0.255803876,1
0.074396283,0.187228663,1
0.157241873,0.208678755,1
0.215793693,0.242650162,1
0.238958238,0.394449973,1
0.068858051,0.16497086,1
0.112453986,0.213492085,1
0.455450849,0.41507719,1
0.013252499,0.214413625,1
0.00095012,0.222634242,1
0.255652135,0.251958727,1
0.115239346,0.202090204,1
0.011122704,0.187710097,1
0.336105812,0.312442581,1
0.17801026,0.177617317,1
0.01236486,0.168831724,1
0.312707436,0.283491039,1
0.180255503,0.303673555,1
0.154654372,0.238616572,1
0.119068741,0.188148363,1
0.067342871,0.554033418,2
0.287471622,0.25851481,1
0.006546652,0.11539236,1
0.144793637,0.233212001,1
0.178181281,0.26014959,1
0.413742829,0.369973718,1
0.05195661,0.517221306,2
0.091586494,0.508251742,2
0.076475565,0.436017741,2
0.126645494,0.185782517,1
0.401317731,0.361883504,1
0.225612487,0.241758466,1
0.069490304,0.291194415,1
0.078469194,0.744816641,2
0.13317048,0.258601428,1
0.048317858,0.514580754,2
0.141859575,0.269511803,1
0.128152965,0.319119676,1
0.190486917,0.252061424,1
0.269224629,0.253476402,1
0.198118431,0.220668499,1
0.064343111,0.503894402,2
0.088032498,0.250424099,1
0.064001448,0.533316997,2
0.155408914,0.251474163,1
0.317860702,0.350758553,1
0.051370451,0.364327958,2
0.3926428,0.356387271,1
0.012405114,0.231960636,1
0.056721827,0.482829573,2
0.344486696,0.326498914,1
0.060672693,0.558171587,2
0.104939695,0.191463777,1
0.043135832,0.431496613,2
0.000108272,0.152158667,1
0.286828694,0.291883796,1
0.047290937,0.5364425,2
0.198122778,0.250111821,1
0.008417931,0.121500044,1
0.355467735,0.388403962,1
0.058839134,0.591737631,2
0.221177401,0.204587655,1
0.107750284,0.183631012,1
0.092256397,0.203891533,1
0.05684593,0.494052663,2
0.256451022,0.300917869,1
0.058551746,0.477471553,2
0.113935639,0.200084025,1
0.022672732,0.293956681,2
0.014075973,0.295127386,1
0.019846537,0.111717676,1
0.040655175,0.068891858,1
0.223496104,0.205809657,1
0.234739193,0.19085005,1
0.395540212,0.364344958,1
0.174543105,0.148057963,1
0.309464574,0.233972135,1
0.012316322,0.154800922,1
0.083622013,0.215857455,1
0.141189315,0.123806234,1
0.199436672,0.157336656,1
0.16350067,0.13117117,1
0.120207095,0.195045281,1
0.327149586,0.291272074,1
0.252387572,0.194125387,1
0.256388789,0.266056139,1
0.105584208,0.164942047,1
0.083796354,0.1628899,1
0.282131776,0.307769355,1
0.024145873,0.096960191,1
0.226667921,0.250561693,1
0.363250213,0.277023049,1
0.308177672,0.312879269,1
0.068220051,0.187591676,1
0.01360522,0.243547464,1
0.206709399,0.164835572,1
0.155711924,0.20613599,1
0.057677063,0.064341567,1
0.425003355,0.444530739,1
0.092915702,0.137951979,1
0.213302929,0.182713158,1
0.010606092,0.1854481,1
0.205912726,0.17199339,1
0.07659776,0.297866032,1
0.474778631,0.501507057,1
0.135044904,0.110264139,1
0.09744007,0.151407766,1
0.420230959,0.489985765,1
0.179076906,0.264912517,1
0.03350692,0.495369604,2
0.064191,0.532537681,2
0.119713819,0.516415419,2
0.044038407,0.183147483,1
0.037758298,0.162653242,1
0.089620903,0.18971688,1
0.287108651,0.307072631,1
0.101509444,0.123242711,1
0.171995305,0.18543922,1
0.251362228,0.202086554,1
0.424213832,0.503178103,1
0.148788418,0.282447235,1
0.117241016,0.182247841,1
0.043462711,0.133170776,1
0.280114338,0.258887122,1
0.252379205,0.246629579,1
0.095694564,0.171253671,1
0.15278385,0.139810772,1
0.25254176,0.203169906,1
0.048294014,0.288944296,1
0.363839576,0.345171723,1
0.286288513,0.220520638,1
0.278332643,0.244232871,1
0.160046924,0.152425322,1
0.22449261,0.181786338,1
0.213174115,0.16921606,1
0.234384344,0.324449566,1
0.164789811,0.133292653,1
0.223816807,0.236113805,1
0.169238763,0.258288264,1
0.488644604,0.429889915,1
0.10963887,0.279408293,1
0.309286428,0.244154792,1
0.118901806,0.369561883,2
0.082688308,0.086257127,1
0.278705432,0.268853668,1
0.391225757,0.349261494,1
0.207612661,0.12541033,1
0.110785349,0.255292568,1
0.235370091,0.194185434,1
0.138462616,0.165390519,1
0.202213539,0.201630198,1
0.268698898,0.34835674,1
0.120383351,0.10039208,1
0.219727561,0.154921536,1
0.188079084,0.139182577,1
0.057707868,0.135131365,1
0.268250227,0.26807734,1
0.002747395,0.098163262,1
0.117423545,0.107614701,1
0.102965529,0.13317859,1
0.381362575,0.320363983,1
0.164998148,0.198276679,1
0.165284697,0.209954612,1
0.26064328,0.280555501,1
0.063246545,0.439099638,2
0.015966684,0.269160589,1
0.009398991,0.098095706,1
0.079460383,0.11520778,1
0.19935339,0.21409571,1
0.067568622,0.536154297,2
0.201691728,0.24827019,1
0.196245886,0.227201097,1
0.001430479,0.264639169,1
0.063449218,0.523049872,2
0.152414766,0.135368459,1
0.143764975,0.091516879,1
0.213029181,0.171842861,1
0.105566369,0.236591416,1
0.057143285,0.483262867,2
0.011033235,0.110044272,1
0.443558883,0.358472571,1
0.365420984,0.402796659,1
0.153467551,0.181473656,1
0.062823124,0.431468656,2
0.013884845,0.234550985,1
0.064545067,0.501738037,2
0.333654903,0.241137106,1
0.100038856,0.178095259,1
0.056165633,0.456929738,2
0.082789209,0.174482677,1
0.273273206,0.333654723,1
0.059028977,0.499184339,2
0.296157491,0.248627905,1
0.240014129,0.192136157,1
0.050827786,0.421756105,2
0.168654762,0.154157388,1
0.058505458,0.427780887,2
0.066470639,0.172106002,1
0.062154462,0.488580592,2
0.075229208,0.098717907,1
0.161593457,0.180885404,1
0.075295559,0.142241482,1
0.05836112,0.367434026,2
0.15583415,0.105546076,1
0.052021872,0.391563311,2
0.007756205,0.110313629,1
0.057831132,0.497607624,2
0.093255835,0.402086915,2
0.030414878,0.135462151,1
0.115065454,0.148876202,1
0.087786091,0.372277351,2
0.034890255,0.182270832,1
0.069146115,0.211096241,1
0.223912422,0.197326486,1
0.163304982,0.121557952,1
0.032556839,0.123777079,1
0.325725814,0.231074521,1
0.030345219,0.182224215,1
0.187759629,0.156669393,1
0.173489791,0.205819103,1
0.115032877,0.174460704,1
0.052359379,0.248097674,1
0.230883482,0.261900731,1
0.0490788,0.166099669,1
0.277954029,0.266263926,1
0.220747223,0.191497488,1
0.3342468,0.383363712,1
0.009348682,0.140394315,1
0.358107915,0.391905042,1
0.116088259,0.114828424,1
0.23942188,0.18258557,1
0.077814603,0.222139575,1
0.08211073,0.086490794,1
0.043193903,0.06765107,1
0.18173908,0.192619578,1
0.14466526,0.161931437,1
0.227076252,0.173597484,1
0.165641446,0.192648156,1
0.083778434,0.22178828,1
0.105115554,0.132232749,1
0.272152199,0.207271421,1
0.119963402,0.134183293,1
0.041178971,0.167148215,1
0.08977187,0.150550198,1
0.263900074,0.372726236,1
0.1529618,0.155329632,1
0.076991773,0.139863154,1
0.283619473,0.385155502,1
0.088908904,0.170632277,1
0.137623016,0.158223139,1
0.024595404,0.200801685,1
0.007739056,0.096866753,1
0.291517371,0.472410622,1
0.284934404,0.356143272,1
0.175819636,0.195860253,1
0.318311722,0.453658561,1
0.016896683,0.211319926,1
0.096387834,0.123545891,1
0.041956034,0.328680805,2
0.044264965,0.130493804,1
0.074330869,0.16486362,1
0.008798212,0.135065269,1
0.066542993,0.195905485,1
0.236275394,0.24527315,1
0.153854517,0.188209801,1
0.011266735,0.207735884,1
0.201114686,0.149860201,1
0.33130668,0.241349366,1
0.072069717,0.153307236,1
0.01222962,0.207589869,1
0.045988033,0.219708234,1
0.129887896,0.113822755,1
0.184184529,0.236395856,1
0.184733692,0.149262341,1
0.173138731,0.15247623,1
0.108944542,0.168307134,1
0.132800034,0.285686422,1
0.101452546,0.095313529,1
0.034262278,0.115518047,1
0.35252284,0.363007591,1
0.486110216,0.41553596,1
0.075171735,0.142398005,1
0.178504553,0.114443546,1
0.124624144,0.175462945,1
0.140500787,0.136898883,1
0.042283171,0.099415899,1
0.27663682,0.219410839,1
0.127240133,0.12477163,1
0.310581915,0.27433355,1
0.429079698,0.364626974,1
0.440073119,0.376380451,1
0.200987533,0.225182792,1
0.126003246,0.167359735,1
0.010815659,0.147530114,1
0.353506528,0.384989554,1
0.162696974,0.128765699,1
0.104781249,0.286412129,1
0.217019241,0.255357685,1
0.135300335,0.181133069,1
0.19951221,0.235100776,1
0.021709464,0.148009678,1
0.424806945,0.433106346,1
0.058592294,0.223736865,1
0.072844386,0.137156252,1
0.09986683,0.195074337,1
0.177277501,0.201795351,1
0.407845934,0.378514692,1
0.263789071,0.248244454,1
0.158103328,0.229724047,1
0.484899463,0.480300383,1
0.063682316,0.251345694,1
0.277615228,0.305646266,1
0.055717841,0.627388528,2
0.269275001,0.347206312,1
0.176764952,0.191093342,1
0.062055419,0.524339509,2
0.113506514,0.220491427,1
0.128614188,0.243660636,1
0.210903224,0.296311251,1
0.111501772,0.226289849,1
0.057395555,0.530430714,2
0.244536317,0.238794065,1
0.059883009,0.46728556,2
0.3287112,0.2948482,1
0.129693039,0.234622543,1
0.056091021,0.391124015,2
0.059147214,0.560286646,2
0.01197163,0.205909161,1
0.196215937,0.366974754,1
0.116398927,0.246086863,1
0.059627316,0.359405535,2
0.098293863,0.27710409,1
0.06058988,0.516031607,2
0.254933996,0.272983213,1
0.182768367,0.224533253,1
0.052099877,0.373041292,2
0.168974465,0.330576761,2
0.060406294,0.522235751,2
0.442341001,0.426643835,1
0.059660577,0.567741781,2
0.295495594,0.339869679,1
0.06350183,0.46705661,2
0.061651193,0.490229011,2
0.178075317,0.160153131,1
0.312166661,0.293842622,1
0.082705773,0.329022779,1
0.042913829,0.183447112,1
0.075907469,0.136318756,1
0.186505131,0.191729039,1
0.161964459,0.148022454,1
0.071812174,0.104058583,1
0.180722044,0.189532339,1
0.219140572,0.20537469,1
0.050121832,0.137431076,1
0.257932765,0.225227868,1
0.106847263,0.258956245,1
0.150438537,0.105251986,1
0.192924114,0.166746126,1
0.131835253,0.102803009,1
0.193869105,0.158428113,1
0.144272062,0.097111375,1
0.105187721,0.159008754,1
0.133724763,0.20208348,1
0.217499526,0.315376703,1
0.231566824,0.243561202,1
0.231387586,0.202827602,1
0.237722171,0.262644428,1
0.085570387,0.255642578,1
0.190915336,0.216289473,1
0.001661846,0.229024451,1
0.171046418,0.154979658,1
0.195574223,0.19502015,1
0.074497186,0.603611118,2
0.037975112,0.365359965,2
0.144221221,0.172378924,1
0.012636412,0.244144232,1
0.277914957,0.202212704,1
0.232613226,0.274539303,1
0.0753833,0.164662801,1
0.081322362,0.167576761,1
0.401938216,0.446616802,1
0.303702636,0.383303959,1
0.009309803,0.144127428,1
0.128354912,0.097457944,1
0.330036333,0.356769643,1
0.21712315,0.240781553,1
0.118175419,0.133551357,1
0.319363107,0.337980504,1
0.023935738,0.258097532,1
0.088260876,0.342223842,2
0.057799817,0.285289412,1
0.006977612,0.178493645,1
0.134019547,0.209862723,1
0.038879928,0.16522931,1
0.448032092,0.416094469,1
0.034529799,0.253990964,1
0.240334453,0.244142385,1
0.208193701,0.246251298,1
0.050134276,0.116277979,1
0.111622241,0.234548527,1
0.189720339,0.21824965,1
0.429590186,0.373560086,1
0.258443619,0.2603193,1
0.183509824,0.233292812,1
0.189270595,0.248010259,1
0.014501084,0.215082994,1
0.151789113,0.153253733,1
0.25794109,0.240903061,1
0.349347588,0.317871824,1
0.275668194,0.229882968,1
0.272782279,0.303599214,1
0.073139541,0.205511914,1
0.12644603,0.20889093,1
0.281757777,0.248068959,1
0.088832213,0.099426214,1
0.113784202,0.21606724,1
0.124213485,0.234449917,1
0.321114269,0.276511116,1
0.083292855,0.165615946,1
0.246621608,0.251578716,1
0.267721178,0.262256798,1
0.381303117,0.377660956,1
0.087761876,0.174693982,1
0.101175999,0.240215771,1
0.198556295,0.191216715,1
0.323420888,0.29679571,1
0.173304268,0.197931958,1
0.259225561,0.251447003,1
0.158092337,0.147587687,1
0.096765795,0.124115629,1
0.385984607,0.41060706,1
0.253167584,0.230222272,1
0.138916261,0.136590798,1
0.217924659,0.171232175,1
0.068060733,0.557890049,2
0.166149559,0.211203112,1
0.069642626,0.085201222,1
0.207506161,0.208397545,1
0.082460426,0.104614663,1
0.158050562,0.2144782,1
0.053929308,0.559149616,2
0.131934104,0.183337921,1
0.201140759,0.171887354,1
0.186074018,0.133652237,1
0.048385581,0.511530823,2
0.220822644,0.193780975,1
0.323953198,0.300597907,1
0.05076105,0.405370922,2
0.120768469,0.162572168,1
0.162694128,0.194010661,1
0.216123156,0.141566667,1
0.084951667,0.143986861,1
0.063213468,0.4711887,2
0.154705119,0.222048905,1
0.045631566,0.114492722,1
0.054433871,0.407350045,2
0.16882424,0.1492903,1
0.245718094,0.223799,1
0.155499038,0.189764115,1
0.052626079,0.413803937,2
0.077916479,0.128531332,1
0.074996501,0.470481652,2
0.03114531,0.257076405,1
0.097115049,0.436300211,2
0.026427589,0.267839327,1
0.061370462,0.153559691,1
0.052201443,0.447801714,2
0.237308567,0.255106403,1
0.077698792,0.283418362,1
0.059523689,0.496800689,2
0.048455841,0.192996133,1
0.11117693,0.270861692,1
0.042766946,0.134665629,1
0.25750137,0.271344794,1
0.063113653,0.381287669,2
0.160661308,0.146672569,1
0.057927295,0.496154686,2
0.20852098,0.167757194,1
0.220911968,0.208834172,1
0.097322477,0.10590556,1
0.051736073,0.397091638,2
0.212057838,0.233786447,1
0.322007927,0.23748778,1
0.055145308,0.461865383,2
0.022811133,0.193907026,1
0.035593786,0.215634773,1
0.01616191,0.229203204,1
0.115508083,0.495684729,2
0.024855227,0.168833931,1
0.057736413,0.231563363,1
0.00014167,0.198850919,1
0.279540844,0.309111326,1
0.143958753,0.242354602,1
0.075842525,0.136320985,1
0.229323854,0.264315125,1
0.351233885,0.318268768,1
0.012878174,0.245228862,1
0.270232163,0.270138624,1
0.069654311,0.142846197,1
0.010773114,0.183303214,1
0.141553144,0.159553073,1
0.197973709,0.319580136,1
0.152203238,0.34757672,2
0.381908422,0.397522405,1
0.291384472,0.363018006,1
0.056551271,0.205836087,1
0.105352309,0.298770044,1
0.021909163,0.153747874,1
0.122116204,0.264741217,1
0.112946116,0.234677806,1
0.270036736,0.341396227,1
0.011677289,0.203378675,1
0.057395539,0.220380033,1
0.07642256,0.196610396,1
0.024525985,0.147483947,1
0.050400259,0.167171103,1
0.202477486,0.212612595,1
0.459173466,0.350805553,1
0.159575921,0.263501814,1
0.206079099,0.261362311,1
0.094644377,0.14360269,1
0.027819869,0.142861948,1
0.227052091,0.174351975,1
0.410004702,0.432562513,1
0.200592043,0.195798133,1
0.213701519,0.159705678,1
0.051669211,0.337253269,2
0.118142036,0.157641629,1
0.153728531,0.170116747,1
0.442132444,0.489535001,1
0.109512245,0.374777623,2
0.111560319,0.380136888,2
0.199102222,0.216795796,1
0.000863666,0.180712987,1
0.103392688,0.127554284,1
0.189167296,0.225037859,1
0.011100587,0.196696111,1
0.233452857,0.411945707,1
0.181839607,0.142471494,1
0.189594521,0.205990434,1
0.096141853,0.175826178,1
0.124366991,0.17873644,1
0.220281464,0.23064752,1
0.511420246,0.465581603,1
0.330788703,0.296042742,1
0.280001934,0.275331851,1
0.242812679,0.184487364,1
0.228013358,0.188316502,1
0.190971449,0.159697351,1
0.162013612,0.15028371,1
0.242766489,0.253028285,1
0.186334112,0.273035191,1
0.401499276,0.321795765,1
0.166435413,0.229567466,1
0.197899054,0.180987295,1
0.34111767,0.334972683,1
0.077758563,0.152205728,1
0.0682931,0.220945691,1
0.355740177,0.2509879,1
0.520467985,0.436795588,1
0.388621405,0.353759999,1
0.185071585,0.187463782,1
0.194094635,0.371549804,1
0.20615296,0.153941878,1
0.003969745,0.245858541,1
0.201349492,0.142285563,1
0.048031095,0.37680341,2
0.041070391,0.301363059,2
0.436211419,0.354311001,1
0.06529745,0.352373787,2
0.067682922,0.362273147,2
0.186306328,0.135651353,1
0.192381699,0.230107021,1
0.173045758,0.201736154,1
0.221962523,0.135495593,1
0.250755971,0.212006163,1
0.240160527,0.204424029,1
0.084416813,0.182796281,1
0.229290616,0.246675207,1
0.060442217,0.530372094,2
0.159688065,0.222851592,1
0.214902724,0.230561331,1
0.120039749,0.210503219,1
0.011503866,0.209726183,1
0.187395687,0.179229166,1
0.144933558,0.187010125,1
0.059391,0.544021228,2
0.44823825,0.361753164,1
0.05703424,0.472739402,2
0.091168066,0.122817498,1
0.22010661,0.241846757,1
0.095708344,0.190866139,1
0.037860268,0.180091722,1
0.063126779,0.446988285,2
0.083781403,0.167701612,1
0.051873689,0.164774252,1
0.051359582,0.337828404,2
0.082650038,0.251240613,1
0.04662984,0.526678258,2
0.43518692,0.380740807,1
0.034328246,0.263845927,1
0.15667986,0.141626507,1
0.094351631,0.143009541,1
0.142785808,0.153228415,1
0.055305072,0.520814241,2
0.175100426,0.161304675,1
0.189175624,0.231613521,1
0.046551458,0.41905221,2
0.00896791,0.14768594,1
0.127878749,0.220952972,1
0.059111823,0.421502143,2
0.206982018,0.230881171,1
0.047663963,0.37769638,2
0.211513871,0.216964603,1
0.047051297,0.30376607,2
0.050149113,0.621184408,2
0.335459332,0.303960801,1
0.058433597,0.586413767,2
0.205318136,0.193334374,1
0.151384609,0.172281431,1
0.132305612,0.181609607,1
0.049438652,0.422733778,2
0.305430476,0.318105392,1
0.070664988,0.250333323,1
0.066183508,0.238153227,1
0.041358985,0.291629736,2
0.010988912,0.163853625,1
0.246144669,0.254370145,1
0.263904871,0.209450472,1
0.297446463,0.260239971,1
0.244483097,0.224880393,1
0.421670941,0.355214607,1
0.375221356,0.293156105,1
0.039373181,0.149416615,1
0.311285574,0.294651357,1
0.277627736,0.332299974,1
0.046169172,0.166420931,1
0.356924139,0.2703317,1
0.287486223,0.315809763,1
0.096449469,0.174300626,1
0.208215065,0.182637353,1
0.095405821,0.168660005,1
0.24020119,0.247043905,1
0.317009831,0.421816732,1
0.198808208,0.1919909,1
0.15901132,0.165543521,1
0.315890519,0.293183355,1
0.053293599,0.129838433,1
0.221982408,0.17623579,1
0.314267925,0.329958812,1
0.188609914,0.273947031,1
0.072386628,0.185608407,1
0.232520759,0.231508685,1
0.20028965,0.249339121,1
0.009848759,0.143282383,1
0.099987662,0.14085529,1
0.196404145,0.227111091,1
0.490718084,0.482078048,1
0.204909696,0.203056532,1
0.122849244,0.12707833,1
0.021076556,0.351994309,2
0.091409121,0.389025239,2
0.015620507,0.261071118,1
0.045006121,0.276529791,1
0.010565457,0.159083694,1
0.010448187,0.180622303,1
0.259797494,0.249549998,1
0.046508952,0.191276857,1
0.292911337,0.265716068,1
0.303503376,0.30268636,1
0.237790426,0.275796667,1
0.273407226,0.249135105,1
0.00940125,0.154834624,1
0.305897695,0.253657086,1
0.153358081,0.240629258,1
0.240877858,0.277415664,1
0.086801637,0.23879497,1
0.050678361,0.358900379,2
0.066210888,0.189745493,1
0.336019996,0.311810298,1
0.1226792,0.240847453,1
0.097934043,0.167285383,1
0.155325255,0.208691718,1
0.2244131,0.288876601,1
0.345472151,0.363892734,1
0.274153137,0.264467449,1
0.323457236,0.336114548,1
0.198519101,0.24159176,1
0.235045025,0.300939266,1
0.042353947,0.110206022,1
0.013254348,0.259020206,1
0.330982216,0.339863404,1
0.483085021,0.44699223,1
0.271365003,0.23165134,1
0.384647642,0.384070268,1
0.480168333,0.395262955,1
0.139450701,0.154561022,1
0.046917796,0.232795461,1
0.235289677,0.298793703,1
0.262837656,0.298051132,1
0.247177136,0.355723238,1
0.091522522,0.218990293,1
0.084237163,0.240443856,1
0.165158647,0.139255919,1
0.24701419,0.206753858,1
0.025931832,0.172133279,1
0.361938773,0.273081525,1
0.18472512,0.202692123,1
0.469888582,0.378778519,1
0.128297876,0.200594479,1
0.066346996,0.689980637,2
0.032712293,0.291186305,2
0.14516243,0.350583865,2
0.207302643,0.361368661,1
0.284695837,0.263185014,1
0.055591238,0.418230084,2
0.040429769,0.185099809,1
0.019453181,0.179287099,1
0.115736103,0.206723062,1
0.086896671,0.509489668,2
0.098784069,0.172012626,1
0.056121936,0.501664937,2
0.009568218,0.15469438,1
0.302240615,0.224719146,1
0.142317131,0.206397414,1
0.057641648,0.528328714,2
0.152489648,0.194742276,1
0.06987949,0.24658279,1
0.139305428,0.199532308,1
0.064010362,0.579974184,2
0.05976877,0.403735632,2
0.090114594,0.219313253,1
0.056139016,0.402985748,2
0.283650551,0.2769396,1
0.009596034,0.136451286,1
0.064557289,0.374272746,2
0.034765498,0.171355933,1
0.085881382,0.237482616,1
0.062158915,0.441639085,2
0.18776918,0.209687381,1
0.060496594,0.45535721,2
0.132561038,0.196396978,1
0.01229565,0.155528139,1
0.055294649,0.383361624,2
0.091816965,0.42677822,2
0.21187324,0.196540258,1
0.047761533,0.492810375,2
0.141530122,0.258337794,1
0.1391688,0.222501628,1
0.055662063,0.163200189,1
0.222433912,0.243448801,1
0.185084816,0.183870145,1
0.202548946,0.188745571,1
0.009849984,0.150502317,1
0.070066715,0.15347927,1
0.342776506,0.276924497,1
0.218790605,0.207131298,1
0.306606971,0.404989297,1
0.040572319,0.326646073,2
0.443701996,0.408952058,1
0.259709073,0.267929962,1
0.044259896,0.162283101,1
0.031779358,0.128651137,1
0.01395252,0.273342016,1
0.297688633,0.270997461,1
0.237855618,0.218799729,1
0.004926753,0.135648252,1
0.113022646,0.119286927,1
0.17604622,0.230223947,1
0.313122794,0.296433291,1
0.212212329,0.154975316,1
0.074388185,0.157712982,1
0.097600756,0.131222388,1
0.234385201,0.198806567,1
0.414970331,0.30802606,1
0.384542036,0.35945022,1
0.20596489,0.21042775,1
0.119143376,0.224687249,1
0.272271111,0.332207946,1
0.387799306,0.479106869,1
0.198724927,0.209958048,1
0.030385598,0.301969145,2
0.071065342,0.233168491,1
0.18688089,0.144095127,1
0.487379267,0.452486549,1
0.409048362,0.392795417,1
0.027387549,0.223432162,1
0.239807517,0.258301697,1
0.064688853,0.187914472,1
0.038268214,0.463806049,2
0.056704538,0.345927707,2
0.077249023,0.235355251,1
0.200523928,0.276306738,1
0.003777797,0.178027291,1
0.012059722,0.227085244,1
0.331303319,0.331387677,1
0.188871783,0.236542866,1
0.113581948,0.280311421,1
0.367125468,0.334918441,1
0.128400853,0.223815578,1
0.394455933,0.335966175,1
0.281412341,0.272364569,1
0.279954385,0.288533651,1
0.294312352,0.281979151,1
0.034139364,0.2112279,1
0.313414862,0.270178496,1
0.065537757,0.324878054,1
0.457349596,0.391541692,1
0.29055271,0.253480385,1
0.194495853,0.271297145,1
0.346856299,0.321401494,1
0.024267693,0.205376529,1
0.054915168,0.237427352,1
0.060559676,0.198292227,1
0.142019041,0.342583004,2
0.002109782,0.167314858,1
0.075921539,0.201798031,1
0.290573906,0.277257763,1
0.146706393,0.222488072,1
0.105005791,0.210432016,1
0.117271719,0.166849609,1
0.134223699,0.200553169,1
0.194000599,0.289817441,1
0.257303107,0.302113877,1
0.184770631,0.260510775,1
0.148731638,0.215026384,1
0.318165512,0.307758494,1
0.011578481,0.191334899,1
0.085479007,0.28168111,1
0.066846104,0.118860773,1
0.072114195,0.786516332,2
0.259601148,0.258733288,1
0.191349056,0.316716338,1
0.191497881,0.204640079,1
0.151284364,0.212742192,1
0.124932748,0.29429822,1
0.063602681,0.500680265,2
0.142208654,0.207135288,1
0.069829123,0.163071144,1
0.010503161,0.405389608,2
0.102870707,0.176248037,1
0.205234457,0.274766735,1
0.106175523,0.258252129,1
0.059357743,0.466388029,2
0.328062118,0.339316737,1
0.138825862,0.228273565,1
0.357075282,0.328467462,1
0.06282717,0.403517568,2
0.238644197,0.312027805,1
0.061503915,0.517730813,2
0.206099814,0.377533743,1
0.316414011,0.3581755,1
0.060799476,0.454700251,2
0.066006043,0.119202242,1
0.064872775,0.192356536,1
0.056558602,0.405717263,2
0.114375127,0.212769797,1
0.212903933,0.202537437,1
0.056347115,0.456866248,2
0.187267971,0.251171466,1
0.054178152,0.270701898,1
0.069242698,0.124820458,1
0.050461644,0.545165776,2
0.032127491,0.331381077,2
0.201092514,0.335218187,1
0.448465506,0.37971841,1
0.102132769,0.115978384,1
0.055634747,0.37420136,2
0.064399705,0.447449297,2
0.342268096,0.358376175,1
0.060335869,0.47239957,2
0.008050459,0.141263986,1
0.060390339,0.180874924,1
0.317439867,0.238508629,1
0.082337093,0.120944052,1
0.242505075,0.207395617,1
0.166173541,0.191665347,1
0.007557473,0.088047812,1
0.321422651,0.285257005,1
0.20593207,0.164391386,1
0.119591767,0.23011247,1
0.225630654,0.200756841,1
0.463323721,0.395466125,1
0.134491662,0.164130423,1
0.010505096,0.135856129,1
0.008461498,0.127339798,1
0.11024572,0.125002978,1
0.199472747,0.166223672,1
0.168007667,0.190176949,1
0.325147464,0.310261237,1
0.098663896,0.231459299,1
0.133564822,0.122704869,1
0.088907873,0.090239479,1
0.053425716,0.221470366,1
0.002393775,0.109038859,1
0.261489887,0.193623852,1
0.010250408,0.147049644,1
0.116284757,0.137837454,1
0.082185522,0.161309739,1
0.28337304,0.456630422,1
0.096032582,0.171133867,1
0.002819896,0.097963773,1
0.118809827,0.214326552,1
0.281434965,0.451938795,1
0.101590092,0.274947457,1
0.030903263,0.369323905,2
0.031893462,0.217565572,1
0.269452817,0.341785756,1
0.231450965,0.351918661,1
0.043690398,0.377286639,2
0.039785625,0.152271059,1
0.009596202,0.122620883,1
0.312177765,0.315884234,1
0.189272521,0.193313387,1
0.253527223,0.234431625,1
0.074378065,0.104984999,1
0.275363869,0.267740564,1
0.245331022,0.173532738,1
0.127849927,0.154687326,1
0.300135841,0.275955149,1
0.187332027,0.164073978,1
0.378370862,0.289955167,1
0.069053952,0.123856286,1
0.264896576,0.222390962,1
0.298817902,0.306450919,1
0.094687445,0.219351316,1
0.17151767,0.19032737,1
0.28074577,0.272775974,1
0.126638474,0.275727209,1
0.347758485,0.344615287,1
0.03378495,0.141512761,1
0.07336145,0.165394934,1
0.06218969,0.220742677,1
0.193364594,0.187245887,1
0.171774258,0.212673185,1
0.147176006,0.164430328,1
0.213063794,0.129912484,1
0.008736068,0.09164912,1
0.144609778,0.194005287,1
0.242997695,0.267912691,1
0.129687293,0.120945845,1
0.339395774,0.335581845,1
0.089237852,0.148319471,1
0.042115434,0.203673996,1
0.145741029,0.126493018,1
0.277694733,0.315215263,1
0.099013588,0.143967326,1
0.101144523,0.143266268,1
0.180715609,0.191177142,1
0.064402843,0.165788357,1
0.236004062,0.196971576,1
0.123631418,0.153173459,1
0.185103357,0.192047371,1
0.227152688,0.182101448,1
0.075987609,0.597319769,2
0.166766582,0.174676267,1
0.317251211,0.336320111,1
0.168988569,0.323653857,1
0.253154989,0.267620293,1
0.105858805,0.081424764,1
0.337760545,0.247229958,1
0.248342444,0.231200494,1
0.067248714,0.708056554,2
0.360107666,0.283708137,1
0.053671894,0.651188068,2
0.152517531,0.209213213,1
0.363008043,0.297327402,1
0.079151681,0.243373698,1
0.171377854,0.285217563,1
0.241053634,0.223158915,1
0.080730305,0.614064211,2
0.167070188,0.191638505,1
0.056941815,0.390949274,2
0.221576371,0.388092947,1
0.330894754,0.370572049,1
0.345396699,0.380873922,1
0.062549023,0.25796196,1
0.071429904,0.277675683,1
0.011918143,0.181796698,1
0.254748844,0.276975563,1
0.06040439,0.545157402,2
0.066784228,0.251991106,1
0.109999446,0.142541521,1
0.057974079,0.476870609,2
0.288659723,0.284015527,1
0.057417167,0.527357775,2
0.131150083,0.134721466,1
0.047110031,0.253476875,1
0.060904828,0.09783557,1
0.049351088,0.55314098,2
0.412402775,0.323487472,1
0.127829005,0.138371109,1
0.051951555,0.512420788,2
0.055413496,0.515053416,2
0.237323505,0.176857039,1
0.057995224,0.418962956,2
0.056860117,0.455730442,2
0.041280197,0.133255589,1
0.132100224,0.129865203,1
0.056334214,0.3730596,2
0.166198919,0.267280893,1
0.167987257,0.23488961,1
0.017956416,0.18593629,1
0.041529441,0.131429605,1
0.119698002,0.278252026,1
0.189218978,0.275265795,1
0.068493773,0.151438002,1
0.144152356,0.222917395,1
0.071949195,0.224730274,1
0.094905019,0.19355453,1
0.051870911,0.198530187,1
0.006866783,0.240013869,1
0.021999042,0.150812331,1
0.253517141,0.250502349,1
0.10646955,0.211628125,1
0.16696879,0.303601469,1
0.051140359,0.245277105,1
0.101535543,0.199622243,1
0.005522813,0.243849528,1
0.113586219,0.180764459,1
0.001615384,0.179933739,1
0.061498149,0.184034975,1
0.386440972,0.334499292,1
0.142631802,0.339544548,2
0.062280741,0.1131075,1
0.200031784,0.245005414,1
0.012384035,0.227435034,1
0.157821173,0.165878418,1
0.071593419,0.187359561,1
0.176325865,0.286448141,1
0.356605329,0.485311564,1
0.266140256,0.355535574,1
0.193882912,0.262667656,1
0.003888729,0.230431905,1
0.223410498,0.413071071,1
0.243477549,0.33649085,1
0.257164303,0.399491731,1
0.103797276,0.201925422,1
0.002702221,0.241383852,1
0.161233352,0.260673187,1
0.010366475,0.168531142,1
0.003986703,0.148910954,1
0.022498162,0.233609489,1
0.120101573,0.160098448,1
0.031786215,0.219281246,1
0.433772894,0.412847686,1
0.138398972,0.242124048,1
0.039377167,0.319989528,2
0.212906146,0.298774598,1
0.160235665,0.191335949,1
0.036717224,0.150554116,1
0.075280972,0.146343914,1
0.114447207,0.109743889,1
0.088286919,0.209250258,1
0.061218001,0.116604804,1
0.13263715,0.183826366,1
0.262606505,0.269904778,1
0.15443082,0.28200317,1
0.395842602,0.384670395,1
0.185652622,0.149133157,1
0.004932566,0.195783294,1
0.047040663,0.170172238,1
0.055984601,0.125902989,1
0.163734923,0.171981569,1
0.219975971,0.225830524,1
0.255920391,0.212238261,1
0.289557125,0.262967612,1
0.113199429,0.244257317,1
0.23705597,0.178197427,1
0.349633212,0.27674577,1
0.076210176,0.095280625,1
0.290079521,0.28755514,1
0.332148594,0.248418126,1
0.176203679,0.296788609,1
0.010869079,0.148933124,1
0.251266594,0.294860828,1
0.191341659,0.24362299,1
0.251128723,0.244293157,1
0.043700019,0.146994981,1
0.074795177,0.129898039,1
0.235045157,0.189905802,1
0.143837375,0.160046655,1
0.213145958,0.210412395,1
0.094830075,0.155575002,1
0.306000539,0.275151285,1
0.432753561,0.37953572,1
0.414418468,0.396987905,1
0.079978321,0.718336794,2
0.17510588,0.126053466,1
0.087894823,0.165010218,1
0.004340292,0.197776577,1
0.224970489,0.242960283,1
0.049817099,0.564643022,2
0.294801588,0.341012161,1
0.073711638,0.664794621,2
0.118245183,0.097571332,1
0.066746476,0.197140497,1
0.136538173,0.283395655,1
0.091930033,0.274794558,1
0.057791556,0.439404423,2
0.061457955,0.132056055,1
0.271524466,0.229228985,1
0.048803411,0.468721596,2
0.082858217,0.296113307,1
0.148935682,0.217066928,1
0.060197337,0.489066924,2
0.339103465,0.266998569,1
0.208922135,0.178380524,1
0.055181467,0.529668931,2
0.055170415,0.490735136,2
0.193336981,0.288377473,1
0.117810894,0.349951548,2
0.049471394,0.408328871,2
0.059548414,0.253867955,1
0.083094873,0.456032025,2
0.285257511,0.20523337,1
0.049402881,0.399142863,2
0.046081907,0.536512884,2
0.206424375,0.372888132,1
0.262831512,0.229951733,1
0.13033858,0.215431145,1
0.045352393,0.48121543,2
0.068593807,0.118463082,1
0.349704629,0.324856162,1
0.046326949,0.499088562,2
0.298397362,0.289730904,1
0.052258137,0.52001102,2
0.017205195,0.308072147,2
0.019079485,0.241869127,1
0.063978818,0.422569053,2
0.199085305,0.263607185,1
0.080748503,0.160227775,1
0.28983759,0.247003988,1
0.122628964,0.174512391,1
0.240840458,0.227810248,1
0.104012396,0.177945781,1
0.185066274,0.193176782,1
0.293928781,0.312764865,1
0.277759026,0.211776801,1
0.104380364,0.227865288,1
0.099208517,0.267767118,1
0.144151523,0.129600875,1
0.10545361,0.234828055,1
0.007627792,0.08479421,1
0.045931634,0.233738417,1
0.008862559,0.12046346,1
0.010827695,0.171707821,1
0.187718889,0.202794669,1
0.118681103,0.214774936,1
0.010143228,0.142117768,1
0.027199202,0.223920753,1
0.245694353,0.241322673,1
0.050232761,0.242892727,1
0.114220668,0.150888813,1
0.156843981,0.189301939,1
0.196051557,0.181475025,1
0.003325185,0.180620601,1
0.224537973,0.205151935,1
0.258400841,0.353167874,1
0.107341764,0.178402234,1
0.112672965,0.125677668,1
0.049544515,0.107965454,1
0.245511539,0.33904818,1
0.368351106,0.404064002,1
0.109151712,0.158420677,1
0.346289448,0.439215252,1
0.117617432,0.201917318,1
0.000319901,0.226560437,1
0.044441019,0.313336198,2
0.01812595,0.137351914,1
0.062927521,0.207545674,1
0.267672734,0.311991107,1
0.088975543,0.17776118,1
0.288443698,0.286415428,1
0.068313339,0.141077309,1
0.074188357,0.211571785,1
0.011673567,0.153601594,1
0.227913212,0.238429234,1
0.010252345,0.12962688,1
0.201004263,0.256102919,1
0.385571035,0.36421186,1
0.131304609,0.324390512,2
0.330039839,0.320057283,1
0.241068115,0.231298047,1
0.013612742,0.270143794,1
0.003540709,0.206808776,1
0.061351054,0.176382052,1
0.16990699,0.247880396,1
0.238498547,0.259358414,1
0.118684799,0.150146693,1
0.010987694,0.189856712,1
0.057782096,0.23492572,1
0.210112734,0.253518034,1
0.006339784,0.161958135,1
0.246200541,0.29223738,1
0.302271699,0.359277778,1
0.124213126,0.299815752,1
0.11290462,0.279547894,1
0.26574296,0.281404471,1
0.012453465,0.207713678,1
0.145433748,0.230749957,1
0.140894576,0.273187815,1
0.009634643,0.148528396,1
0.059871357,0.165243497,1
0.38220304,0.283696617,1
0.036045786,0.159272053,1
0.010560842,0.128024792,1
0.159374446,0.205477539,1
0.216796062,0.394240081,1
0.142737865,0.19009089,1
0.346586714,0.379624258,1
0.060260473,0.491652277,2
0.095051423,0.252823029,1
0.33961213,0.367644534,1
0.096407108,0.310679342,1
0.010502863,0.182379375,1
0.1621075,0.298059203,1
0.04731524,0.509826704,2
0.029299824,0.212789166,1
0.083465069,0.185542552,1
0.373515007,0.400025061,1
0.173746712,0.22850543,1
0.23127998,0.243422298,1
0.059046781,0.191802865,1
0.277732187,0.310085207,1
0.060863621,0.459965213,2
0.271074402,0.369056209,1
0.049460926,0.446685735,2
0.129747972,0.265093516,1
0.010934462,0.19171701,1
0.230390963,0.248465259,1
0.049746581,0.454543014,2
0.060651634,0.162712068,1
0.090083568,0.179769171,1
0.091832428,0.166421455,1
0.054380408,0.409463188,2
0.27480649,0.288998862,1
0.055420988,0.457171793,2
0.025348445,0.203586659,1
0.215952517,0.340822908,1
0.055890055,0.544503582,2
0.042716314,0.20678767,1
0.326696899,0.288543119,1
0.054359705,0.357883245,2
0.10853187,0.180259043,1
0.058853192,0.597243237,2
0.22530861,0.252663699,1
0.060263891,0.412469538,2
0.140540758,0.242189058,1
0.201493833,0.285628117,1
0.075505112,0.205098132,1
0.160834079,0.206875396,1
0.06163971,0.471451453,2
0.040835563,0.203459853,1
0.057740502,0.488344721,2
0.024145862,0.322846742,2
0.087587903,0.28664642,1
0.114918855,0.085480816,1
0.214779023,0.202210897,1
0.228835603,0.181287221,1
0.077277881,0.11095786,1
0.307126858,0.23159263,1
0.031397036,0.170495587,1
0.062369595,0.100726031,1
0.358603363,0.347291447,1
0.009166924,0.111525185,1
0.175075347,0.357155166,1
0.087745867,0.159446934,1
0.011602663,0.219021249,1
0.230803989,0.281913338,1
0.04977358,0.140918266,1
0.047082452,0.22906032,1
0.002441623,0.298003601,1
0.243178084,0.234526329,1
0.188929514,0.144608816,1
0.231126982,0.220026133,1
0.079732769,0.313157528,1
0.224878067,0.152413912,1
0.137219812,0.137859461,1
0.094693777,0.135736871,1
0.248462493,0.263947749,1
0.058618101,0.147562753,1
0.11005787,0.10648993,1
0.139504485,0.126823909,1
0.156854195,0.16616284,1
0.182144841,0.146747255,1
0.286233031,0.372208132,1
0.19197379,0.143550591,1
0.136909782,0.117194098,1
0.196610383,0.195732643,1
0.120323908,0.149526294,1
0.154522838,0.153425745,1
0.132042986,0.085743302,1
0.138212607,0.168583032,1
0.144234533,0.183186197,1
0.448421122,0.490773927,1
0.334374012,0.326905081,1
0.029824733,0.3967266,2
0.069015415,0.29278109,1
0.116517901,0.23199322,1
0.098760975,0.194222806,1
0.219855667,0.241059201,1
0.119099389,0.19150059,1
0.41948049,0.441396387,1
0.05745484,0.249408774,1
0.015328213,0.198647449,1
0.07909296,0.373346067,2
0.229026436,0.258104213,1
0.280482566,0.284980106,1
0.301226046,0.26323887,1
0.00948427,0.163387844,1
0.347677819,0.331846923,1
0.206657958,0.327094625,1
0.356052626,0.288043986,1
0.095182643,0.202023929,1
0.426442232,0.342010299,1
0.194704291,0.252138699,1
0.340319111,0.357681319,1
0.040093915,0.09063435,1
0.142579061,0.230954073,1
0.165989322,0.304194125,1
0.069233871,0.23437081,1
0.206745702,0.262928998,1
0.060339728,0.198131643,1
0.013547725,0.271639375,1
0.347299179,0.296324046,1
0.429093913,0.35512261,1
0.167913151,0.248230269,1
0.153518486,0.193479371,1
0.127108923,0.231391994,1
0.092298152,0.217312265,1
0.038522699,0.238694764,1
0.238261889,0.298708138,1
0.121889059,0.181678369,1
0.145210452,0.284107324,1
0.122874018,0.281195921,1
0.517175382,0.458740225,1
0.065641467,0.228865671,1
0.258776508,0.262830362,1
0.0540442,0.188733062,1
0.061510583,0.46239911,2
0.282658772,0.325635042,1
0.180484801,0.266367124,1
0.051425954,0.748290233,2
0.051826007,0.141825212,1
0.035246188,0.202287265,1
0.064633878,0.676572297,2
0.19018185,0.289434459,1
0.052670729,0.153803005,1
0.24683368,0.236374701,1
0.059464237,0.544645225,2
0.08388944,0.232371749,1
0.051843398,0.177246751,1
0.051246303,0.521843961,2
0.334858871,0.348864925,1
0.052065215,0.525466357,2
0.187882724,0.292429081,1
0.010786399,0.177038958,1
0.010056878,0.158463015,1
0.022044835,0.26611444,1
0.060374652,0.372307136,2
0.231389829,0.245926816,1
0.012775866,0.199120387,1
0.047081432,0.45682349,2
0.484859975,0.480344197,1
0.134402338,0.179124989,1
0.061512466,0.506011261,2
0.117924495,0.253468764,1
0.156083667,0.243335477,1
0.061473261,0.564719814,2
0.047896174,0.182161136,1
0.297474836,0.303802073,1
0.061634322,0.42154514,2
0.104014517,0.138705969,1
0.045322346,0.416591379,2
0.412050877,0.361855643,1
0.042416564,0.397028892,2
0.206010085,0.211921885,1
0.054172792,0.377684348,2
8.24E-05,0.194897156,1
0.111540305,0.280677214,1
0.148851475,0.181142603,1
0.413384179,0.338552759,1
0.312339045,0.245565156,1
0.110077762,0.20976396,1
0.153754117,0.149607675,1
0.254568672,0.279343678,1
0.045041362,0.189859794,1
0.004474829,0.133269014,1
0.27304044,0.41679447,1
0.253290669,0.230391324,1
0.15466777,0.187060359,1
0.469018678,0.430542241,1
0.101303557,0.180316172,1
0.060513588,0.180711227,1
0.047625788,0.177076503,1
0.395729287,0.335809051,1
0.106378115,0.218366019,1
0.204530473,0.273680831,1
0.167814429,0.106520604,1
0.111886611,0.132175525,1
0.118175728,0.137377813,1
0.334395577,0.317416652,1
0.134222443,0.138735845,1
0.177342499,0.163311204,1
0.087516512,0.110968646,1
0.140990889,0.157525116,1
0.063622642,0.131393591,1
0.089512786,0.238897919,1
0.295264909,0.344413626,1
0.096445957,0.247479193,1
0.134679706,0.120265415,1
0.198849947,0.243577339,1
0.04995471,0.378695691,2
0.043773115,0.40534562,2
0.041550095,0.27382432,1
0.023046055,0.267600938,1
0.058474891,0.170675091,1
0.255857109,0.26134683,1
0.048406267,0.138267892,1
0.277623221,0.198587095,1
0.115765187,0.262255122,1
0.191596376,0.190020323,1
0.226412106,0.236027169,1
0.00754035,0.090906591,1
0.161689237,0.176122121,1
0.125106416,0.170789948,1
0.380118843,0.280311747,1
0.164225111,0.201164944,1
0.079187521,0.093611307,1
0.578314028,0.440932699,1
0.141592837,0.291687565,1
0.541494361,0.40317542,1
0.233205908,0.18852907,1
0.072141967,0.208743163,1
0.119571203,0.134931274,1
0.251626823,0.27393786,1
0.105500326,0.229143353,1
0.242137615,0.177631071,1
0.118919172,0.121402116,1
0.274383835,0.213541297,1
0.107555117,0.17008804,1
0.263290389,0.225854985,1
0.1771197,0.209664701,1
0.22998171,0.234951956,1
0.145432719,0.232782351,1
0.100026487,0.164629072,1
0.009153892,0.139170308,1
0.009306317,0.145896759,1
0.168722574,0.229531047,1
0.118211019,0.191838605,1
0.044276036,0.122239851,1
0.295489448,0.395124659,1
0.010335018,0.174813729,1
0.17202113,0.178219499,1
0.000184598,0.06232305,1
0.096004361,0.094356013,1
0.331287008,0.242077199,1
0.13066802,0.212522433,1
0.361145805,0.365407902,1
0.027364628,0.243964433,1
0.126046167,0.121936729,1
0.054513725,0.598460022,2
0.190224722,0.266787794,1
0.133700066,0.157218629,1
0.255530281,0.22685404,1
0.015898428,0.093072749,1
0.057924122,0.485469645,2
0.173074207,0.199986216,1
0.353604448,0.300654402,1
0.053162313,0.594985927,2
0.238106081,0.316155055,1
0.104899912,0.21691092,1
0.060615285,0.501831086,2
0.225629221,0.285225912,1
0.211374207,0.171129309,1
0.088320833,0.18830822,1
0.062483792,0.562743462,2
0.006236249,0.172535176,1
0.054769585,0.474232134,2
0.242844431,0.187250712,1
0.553801608,0.404626155,1
0.052065067,0.517450348,2
0.035588854,0.234552847,1
0.053690023,0.474635534,2
0.186452689,0.237571732,1
0.104190069,0.168664082,1
0.058328426,0.418346717,2
0.119896117,0.178057401,1
0.014037038,0.195224223,1
0.049672912,0.360023484,2
0.278220191,0.299066376,1
0.055013381,0.329135069,2
0.324503535,0.296649418,1
0.138885433,0.240451252,1
0.050874539,0.374749857,2
0.086972049,0.20218646,1
0.405361082,0.338599274,1
0.010227096,0.177753104,1
0.056115231,0.677871549,2
0.054318969,0.130102062,1
0.055777219,0.468012689,2
0.11742755,0.158768081,1
0.029776675,0.259639394,1
0.114776455,0.477017034,2
0.01222017,0.227818881,1
0.066291131,0.178784292,1
0.097354968,0.126179341,1
0.135489965,0.135426746,1
0.066942014,0.111163231,1
0.14324985,0.137772104,1
0.160950735,0.304319157,1
0.379370768,0.396471016,1
0.139256597,0.170826212,1
0.083476379,0.184563353,1
0.137259251,0.149286999,1
0.250637144,0.210237803,1
0.227896027,0.256820638,1
0.047862992,0.141710504,1
0.143439021,0.162922991,1
0.176601965,0.120179167,1
0.134883126,0.183912626,1
0.221640111,0.203848531,1
0.273359163,0.171381817,1
0.162024439,0.139347286,1
0.307003138,0.271956876,1
0.248832399,0.281717923,1
0.022427859,0.132208039,1
0.158847464,0.204952709,1
0.473806463,0.457110105,1
0.085655291,0.207368911,1
0.320552191,0.270418641,1
0.192360805,0.136359053,1
0.105489771,0.189689883,1
0.153427926,0.223295771,1
0.171167605,0.195399197,1
0.124250334,0.136986748,1
0.078803856,0.171540979,1
0.052011884,0.216929104,1
0.281850695,0.328160395,1
0.130499204,0.164691445,1
0.078981351,0.200596268,1
0.065338335,0.165442161,1
0.371242885,0.448385505,1
0.040817568,0.388374056,2
0.09455838,0.489684809,2
0.022714297,0.195522168,1
0.035148925,0.229281975,1
0.034222125,0.404570787,2
0.0813795,0.340988136,2
0.420121022,0.280513817,1
0.057259116,0.15905026,1
0.187313187,0.166541949,1
0.315807084,0.401994449,1
0.088865238,0.139809615,1
0.157920958,0.27508118,1
0.096686555,0.285193832,1
0.031605869,0.139484703,1
0.038071667,0.195169858,1
0.212410573,0.158400561,1
0.367348628,0.307087442,1
0.29001209,0.306546252,1
0.071090744,0.169740044,1
0.120086431,0.127006936,1
0.34394741,0.289619869,1
0.179357861,0.183422211,1
0.273735024,0.20427782,1
0.177816458,0.240686555,1
0.400020229,0.395949067,1
0.120932604,0.156825491,1
0.177422748,0.197589172,1
0.446103003,0.353769208,1
0.088553294,0.152757938,1
0.229574546,0.314438885,1
0.011891225,0.20376797,1
0.466378376,0.352404568,1
0.147518835,0.179043192,1
0.128992112,0.224743488,1
0.242131938,0.29212695,1
0.414923393,0.317858512,1
0.010240845,0.169898303,1
0.202050719,0.276301309,1
0.317752341,0.311544225,1
0.182327205,0.18527262,1
0.051423204,0.148288667,1
0.117125329,0.224523912,1
0.067797537,0.143975698,1
0.158721614,0.186415184,1
0.261504159,0.221339816,1
0.029719075,0.209403489,1
0.073773274,0.199032606,1
0.262946671,0.238342561,1
0.357383565,0.316248687,1
0.078800218,0.774492709,2
0.454035977,0.394583014,1
0.201589457,0.266219566,1
0.157788088,0.192034985,1
0.488598725,0.426775436,1
0.111855297,0.22632546,1
0.125195597,0.175188852,1
0.055574805,0.44506598,2
0.259154674,0.385205135,1
0.203870446,0.258911549,1
0.121811388,0.194299266,1
0.051249585,0.661872571,2
0.099556836,0.135527873,1
0.052532878,0.473428192,2
0.124206791,0.18656296,1
0.010107351,0.168579997,1
0.201556925,0.280739813,1
0.053573608,0.509964618,2
0.103985599,0.277378708,1
0.051840853,0.390565083,2
0.26409691,0.358543754,1
0.034732528,0.444839049,2
0.163327286,0.244724185,1
0.058658652,0.500261549,2
0.107809537,0.185080595,1
0.133082378,0.201525742,1
0.062031729,0.512144583,2
0.135824975,0.265798107,1
0.093269479,0.265452844,1
0.059784692,0.446813863,2
0.269192309,0.474266445,1
0.057724741,0.585297791,2
0.082441026,0.329413596,1
0.056237828,0.567972223,2
0.120596148,0.262919057,1
0.080848404,0.261449838,1
0.095104667,0.137391786,1
0.065106205,0.479563696,2
0.304923,0.290551399,1
0.042155848,0.277903918,1
0.05023051,0.48592794,2
0.100690327,0.369345178,2
0.08766712,0.26858825,1
0.02807088,0.092080463,1
0.160187455,0.174128906,1
0.373869114,0.242330797,1
0.193748577,0.200254647,1
0.115359517,0.10008825,1
0.126058481,0.132087985,1
0.248497541,0.155334644,1
0.241040474,0.20563342,1
0.241933641,0.308716929,1
0.22612364,0.22369642,1
0.028812525,0.122132427,1
0.438952313,0.340604575,1
0.009148373,0.117837238,1
0.116723598,0.135445309,1
0.41543979,0.296623286,1
0.066719771,0.113942941,1
0.292158126,0.277633666,1
0.200645246,0.228384558,1
0.118619141,0.165323911,1
0.223838206,0.164574739,1
0.193992,0.190800128,1
0.225013088,0.296976152,1
0.330632591,0.263984345,1
0.193029569,0.141032286,1
0.194819478,0.233470577,1
0.155795911,0.145983637,1
0.106104334,0.076460499,1
0.360937784,0.423899411,1
0.001832391,0.098503857,1
0.154610808,0.217464102,1
0.080392977,0.140003388,1
0.146037636,0.158402545,1
0.181304366,0.15330518,1
0.07700245,0.528123354,2
0.293276305,0.324301506,1
0.140476685,0.194344453,1
0.134669111,0.138023867,1
0.378032824,0.490479433,1
0.147311523,0.138877952,1
0.204952677,0.124670992,1
0.01068448,0.122210607,1
0.319784498,0.257175098,1
0.376378573,0.242587225,1
0.483333147,0.411887833,1
0.077111764,0.127021804,1
0.154038461,0.332110938,2
0.006916141,0.235350777,1
0.050532063,0.184870372,1
0.268039941,0.247188708,1
0.030940235,0.15783955,1
0.250380137,0.272654609,1
0.061057545,0.223376204,1
0.079420686,0.187795895,1
0.045777025,0.169343995,1
0.281679974,0.235316374,1
0.521281956,0.424678376,1
0.177278104,0.325334204,1
0.009533288,0.162347012,1
0.156311276,0.238801483,1
0.453813886,0.383113066,1
0.458502645,0.44416739,1
0.251103453,0.277571574,1
0.073480121,0.215089444,1
0.261895957,0.305987996,1
0.003228537,0.13693397,1
0.141698768,0.205475281,1
0.004598451,0.231026792,1
0.052785331,0.245507078,1
0.037637012,0.130518074,1
0.186799408,0.223761163,1
0.453471677,0.346564225,1
0.000335042,0.152771538,1
0.430805841,0.43651703,1
0.154185127,0.202920627,1
0.079043113,0.197160531,1
0.360312222,0.331472793,1
0.071167821,0.165038579,1
0.084165987,0.172111065,1
0.101085509,0.191669688,1
0.471364626,0.431815409,1
0.148544378,0.337592349,2
0.151912916,0.228946733,1
0.023966808,0.237327694,1
0.029884074,0.247898807,1
0.232389057,0.22372275,1
0.030070177,0.207547309,1
0.063532225,0.767299134,2
0.156764172,0.30327905,1
0.036612735,0.226219234,1
0.131352682,0.253967197,1
0.055896174,0.183065307,1
0.478149025,0.469643491,1
0.040708056,0.546371859,2
0.061926984,0.105068988,1
0.066258827,0.544709626,2
0.008110669,0.263975451,1
0.141774132,0.169350825,1
0.396850126,0.359568709,1
0.014267823,0.20949356,1
0.064600024,0.536803144,2
0.580651249,0.427132506,1
0.010273289,0.163512141,1
0.061992326,0.634205674,2
0.091820799,0.182013122,1
0.109236808,0.155603847,1
0.054279172,0.359765018,2
0.050781383,0.183653856,1
0.467469993,0.465514678,1
0.158022578,0.20036485,1
0.056553018,0.596122625,2
0.264567301,0.227199398,1
0.45118254,0.338623772,1
0.061649941,0.254293685,1
0.042654147,0.2897664,2
0.054078524,0.453282137,2
0.338705492,0.315980928,1
0.105158076,0.196635156,1
0.060380172,0.538852812,2
0.307285515,0.438692155,1
0.048524098,0.357823201,2
0.448996403,0.363851279,1
0.000553916,0.21587297,1
0.169840777,0.220117708,1
0.082540432,0.145804614,1
0.051744623,0.529877875,2
0.066266387,0.161409946,1
0.197994377,0.267117061,1
0.51673047,0.361435002,1
0.268974711,0.282092254,1
0.061407094,0.569387205,2
0.014980899,0.261830734,1
0.062294607,0.535493292,2
0.011057403,0.170031785,1
0.265790233,0.329059479,1
0.057465619,0.279542636,1
0.021161889,0.221746457,1
0.102004462,0.309399641,1
0.027965275,0.187743875,1
0.431499072,0.29176923,1
0.037401454,0.291600204,2
0.501555838,0.400559122,1
0.122171443,0.180790717,1
0.268087135,0.267215102,1
0.063002222,0.209871541,1
0.062237171,0.098101883,1
0.269098037,0.234977856,1
0.002667849,0.153410747,1
0.230311752,0.286890422,1
0.087089176,0.178259448,1
0.281181922,0.227646109,1
0.03637734,0.11224808,1
0.375835703,0.331371287,1
0.209054451,0.221209771,1
0.413207753,0.304535092,1
0.116544323,0.179238555,1
0.124421813,0.140652646,1
0.580163848,0.400510218,1
0.134991138,0.196784321,1
0.146326241,0.122688572,1
0.263568182,0.283492765,1
0.234721485,0.258506485,1
0.109097748,0.157783744,1
0.223987315,0.233006764,1
0.047009696,0.186673752,1
0.174406696,0.20643539,1
0.409067013,0.432263962,1
0.164638087,0.177190043,1
0.281985846,0.238436031,1
0.083937759,0.180592583,1
0.010583386,0.183558832,1
0.070994064,0.118020307,1
0.098139358,0.145478811,1
0.335241181,0.397727213,1
0.009493918,0.147882602,1
0.349406037,0.480488128,1
0.034003681,0.346971101,2
0.041642852,0.241956015,1
0.190617344,0.200044884,1
0.398426178,0.477610413,1
0.370770021,0.466105607,1
0.014683397,0.243444557,1
0.064495003,0.379465283,2
0.055130968,0.154071388,1
0.573814955,0.404751801,1
0.285125863,0.281321833,1
0.097324588,0.189711948,1
0.093944474,0.25112039,1
0.06835191,0.13031709,1
0.138899386,0.259234445,1
0.075886577,0.202089999,1
0.443480662,0.327389117,1
0.058033862,0.197577934,1
0.073462345,0.29432516,1
0.430024012,0.351197502,1
0.284391443,0.272522722,1
0.236287041,0.188063798,1
0.008572514,0.101877338,1
0.011100641,0.17836141,1
0.047020969,0.12030249,1
0.065049749,0.116745594,1
0.066709467,0.217463894,1
0.066214296,0.14793858,1
0.30538556,0.328205708,1
0.171728294,0.174128229,1
0.189998642,0.182328647,1
0.183998911,0.244927695,1
0.088709191,0.13114248,1
0.096619898,0.190412233,1
0.048668867,0.084921206,1
0.217541666,0.184325274,1
0.268294488,0.270019496,1
0.033162707,0.175683373,1
0.115801984,0.140851027,1
0.240168585,0.226882166,1
0.094874422,0.137818319,1
0.027054344,0.131475093,1
0.111655506,0.148634563,1
0.009186793,0.131151241,1
0.078913674,0.137938826,1
0.05901938,0.110736032,1
0.140741578,0.223044234,1
0.13798234,0.158068181,1
0.368453313,0.293849411,1
0.138992558,0.176594918,1
0.12254173,0.1916207,1
0.079620695,0.169824266,1
0.308380202,0.282217614,1
0.102457887,0.187624563,1
0.187731766,0.163655737,1
0.07090311,0.71414827,2
0.249533688,0.215513595,1
0.26493938,0.224642801,1
0.034320972,0.117246172,1
0.065179931,0.491063931,2
0.488109854,0.407883002,1
0.247774885,0.195972138,1
0.052518605,0.62135008,2
0.228579042,0.240219865,1
0.163072204,0.267508763,1
0.05654468,0.218773497,1
0.00300741,0.258194041,1
0.056318516,0.392648677,2
0.012246373,0.171371999,1
0.430851626,0.289034698,1
0.196373294,0.264981815,1
0.062879086,0.425239357,2
0.401391386,0.307638623,1
0.058740258,0.475376913,2
0.028026511,0.178389126,1
0.054548327,0.487214091,2
0.06024448,0.466378539,2
0.189518322,0.324722559,1
0.111568698,0.12618673,1
0.52907751,0.412308295,1
0.053193962,0.440868765,2
0.131885645,0.142203227,1
0.238779176,0.193684808,1
0.055425714,0.459938919,2
0.034164538,0.126814576,1
0.056770551,0.548735089,2
0.094421245,0.160727516,1
0.047801573,0.540205131,2
0.090496919,0.123444983,1
0.075490631,0.554153855,2
0.23203097,0.313823993,1
0.387759431,0.30229845,1
0.057879093,0.568275267,2
0.072448439,0.127994646,1
0.288876962,0.183785126,1
0.422233738,0.406032999,1
0.111608804,0.184134965,1
0.101043291,0.117297437,1
0.332076943,0.310590772,1
0.002150635,0.190020646,1
0.57810023,0.412218998,1
0.264554183,0.308804135,1
0.042307123,0.180594551,1
0.080150297,0.223940173,1
0.242708296,0.206589036,1
0.064367389,0.200509246,1
0.012091519,0.122617918,1
0.277359722,0.371649152,1
0.086741097,0.147876461,1
0.10851812,0.17740792,1
0.191074436,0.194631359,1
0.050382307,0.288480304,1
0.22416347,0.279084968,1
0.029017687,0.181178517,1
0.087130352,0.218325866,1
0.081168292,0.209187736,1
0.283496597,0.296253395,1
0.167168738,0.203247556,1
0.013650246,0.202336516,1
0.096737017,0.185045758,1
0.077539004,0.231348453,1
0.098591101,0.184973164,1
0.426102871,0.494728748,1
0.100950094,0.166805717,1
0.000342821,0.16624173,1
0.156169171,0.199011242,1
0.012935845,0.232122304,1
0.126421789,0.206702983,1
0.132509679,0.191349241,1
0.061527306,0.348834733,2
0.126034526,0.466829531,2
0.06402661,0.219145024,1
0.038539573,0.206875792,1
0.044140388,0.229987254,1
0.060928844,0.242455107,1
0.461855574,0.381800107,1
0.032977172,0.142949023,1
0.552200229,0.394351677,1
0.066224356,0.195256184,1
0.329163174,0.329753253,1
0.256645036,0.344759355,1
0.036176417,0.185993321,1
0.065578383,0.118927552,1
0.007867836,0.076458218,1
0.187106988,0.157308766,1
0.579971839,0.4239505,1
0.184548451,0.248128377,1
0.271549472,0.266771729,1
0.100372408,0.136934439,1
0.358368388,0.304369463,1
0.181620842,0.20038872,1
0.061623695,0.133266795,1
0.002351147,0.204418184,1
0.167063133,0.157509636,1
0.169290547,0.273360509,1
0.180423656,0.276018007,1
0.162653769,0.161381811,1
0.025620183,0.193206013,1
0.189582574,0.15622677,1
0.09194138,0.145421282,1
0.008138085,0.09510576,1
0.085818374,0.256743719,1
0.020303503,0.157324135,1
0.332512252,0.30093161,1
0.459684753,0.442958928,1
0.228762876,0.325060708,1
0.479064844,0.411584308,1
0.103987242,0.265318462,1
0.099810927,0.155269609,1
0.214388351,0.32006122,1
0.117184596,0.185467304,1
0.416032213,0.329777304,1
0.049648556,0.200242739,1
0.432924636,0.387974481,1
0.091923334,0.226708797,1
0.089812997,0.148318934,1
0.159103008,0.13601643,1
0.068270751,0.590289598,2
0.317504261,0.267063215,1
0.145599474,0.162410831,1
0.015177222,0.180627273,1
0.156063832,0.180711453,1
0.265300078,0.204975334,1
0.122359856,0.194540504,1
0.085864788,0.621532866,2
0.342557058,0.268264373,1
0.103674049,0.104664203,1
0.092509089,0.113170093,1
0.053186121,0.413462168,2
0.194596786,0.190873667,1
0.118145911,0.171824182,1
0.177089922,0.223201159,1
0.068476974,0.52848561,2
0.018363131,0.143356758,1
0.23082743,0.176461773,1
0.173546575,0.22901308,1
0.048168737,0.407072738,2
0.095056176,0.209823939,1
0.055883153,0.424235212,2
0.174434661,0.208397539,1
0.060161689,0.123173155,1
0.130888478,0.183570844,1
0.355792444,0.283643447,1
0.211717638,0.180959612,1
0.051009191,0.487297953,2
0.10642008,0.155477702,1
0.051433198,0.488366689,2
0.074837358,0.101117969,1
0.353327879,0.255113533,1
0.059944671,0.41183483,2
0.223215679,0.307342493,1
0.063172538,0.506840125,2
0.084357263,0.18672111,1
0.057293356,0.384067965,2
0.036975388,0.328394944,2
0.026475894,0.107302123,1
0.128417832,0.114691962,1
0.060970812,0.445914623,2
0.057510513,0.532892476,2
0.174136722,0.326436044,1
0.25630893,0.390842623,1
0.054549026,0.252362758,1
0.163040726,0.147198792,1
0.316580845,0.291944153,1
0.140919371,0.195482488,1
0.194991684,0.150390218,1
0.081910537,0.181274281,1
0.16107581,0.27189886,1
0.128007761,0.153883704,1
0.132169231,0.248735388,1
0.173283656,0.254209835,1
0.012189848,0.226745584,1
0.290473572,0.2730714,1
0.200773013,0.212238048,1
0.068073308,0.227690533,1
0.00474976,0.167813887,1
0.046664395,0.322343072,2
0.038721907,0.204432761,1
0.089271982,0.384788308,2
0.12393803,0.275716278,1
0.007225873,0.134572298,1
0.058758426,0.09182571,1
0.16974398,0.176670756,1
0.076476125,0.177314995,1
0.011286693,0.195709234,1
0.187236894,0.232768069,1
0.124879917,0.344633683,2
0.352460298,0.477659141,1
0.012255099,0.164197641,1
0.200090982,0.275758304,1
0.103345593,0.135655576,1
0.242592116,0.334281174,1
0.009916108,0.149694065,1
0.28918321,0.454816049,1
0.0100009,0.165656371,1
0.08302211,0.107287894,1
0.058604569,0.117749119,1
0.059824998,0.160298153,1
0.361425413,0.416852677,1
0.009630962,0.251077805,1
0.088611556,0.164597077,1
0.12898376,0.192035478,1
0.049639427,0.212589068,1
0.305658936,0.400600805,1
0.049666764,0.198192957,1
0.07132186,0.19252605,1
0.202571818,0.201753593,1
0.146914862,0.178731629,1
0.206884429,0.214688668,1
0.030461545,0.150519128,1
0.053224255,0.272976178,1
0.172616285,0.216974907,1
0.08809353,0.124584076,1
0.221212119,0.160158023,1
0.233995116,0.275299291,1
0.252383697,0.190436251,1
0.087214878,0.208633953,1
0.249539017,0.294275155,1
0.072631179,0.222880004,1
0.032016754,0.130199435,1
0.084423606,0.189497688,1
0.315299653,0.332340649,1
0.056668585,0.184484884,1
0.331735175,0.381479373,1
0.2787329,0.373077895,1
0.105694682,0.225049947,1
0.10548926,0.275756919,1
0.452166689,0.419769246,1
0.149271442,0.198717157,1
0.022682627,0.165216802,1
0.210161138,0.251674584,1
0.090862061,0.206244592,1
0.19821221,0.367360312,1
0.116123237,0.23955754,1
0.321030494,0.329139987,1
0.008069279,0.143411787,1
0.010691028,0.130745565,1
0.380324093,0.378569193,1
0.085296436,0.181312738,1
0.163422652,0.214506738,1
0.176706126,0.235316363,1
0.001006665,0.233139406,1
0.223333534,0.289917754,1
0.067435061,0.196686064,1
0.224365524,0.235207195,1
0.238111796,0.235504033,1
0.262403241,0.210706383,1
0.158533714,0.185508306,1
0.04233018,0.181277429,1
0.077947457,0.769984645,2
0.32137693,0.327349345,1
0.173644586,0.249952387,1
0.067798625,0.593594165,2
0.425233702,0.416141226,1
0.116177996,0.24150487,1
0.061370242,0.62945325,2
0.088569965,0.230958404,1
0.094281002,0.249010643,1
0.061799072,0.461597825,2
0.090040755,0.224566231,1
0.208898837,0.324711856,1
0.000732157,0.153418101,1
0.053720037,0.451094026,2
0.224477396,0.232163649,1
0.119908101,0.196543388,1
0.051924159,0.678413528,2
0.005883699,0.170458022,1
0.392650397,0.447099899,1
0.080919139,0.507831107,2
0.062558398,0.459397587,2
0.440601532,0.425192503,1
0.131512247,0.282479085,1
0.053804657,0.448926311,2
0.009103245,0.119193463,1
0.121305534,0.200233411,1
0.010742125,0.171142799,1
0.057269384,0.502914064,2
0.10228374,0.278281837,1
0.050372862,0.247920446,1
0.057877333,0.480914675,2
0.18553148,0.278370075,1
0.060034464,0.673632049,2
0.168308612,0.174837662,1
0.085057233,0.216775767,1
0.063186049,0.532803235,2
0.209806433,0.297185879,1
0.057851845,0.399724781,2
0.178348814,0.38608323,1
0.061930881,0.593275458,2
0.008886011,0.133816578,1
0.062222217,0.373700941,2
0.295314412,0.259074248,1
0.004418834,0.116573539,1
0.087123652,0.24983894,1
0.1459701,0.21045784,1
0.221788227,0.16242437,1
0.202588258,0.208294515,1
0.229103104,0.276109029,1
0.182471614,0.174241093,1
0.063934158,0.123176809,1
0.122460598,0.18267538,1
0.241020309,0.302954477,1
0.241602657,0.190350411,1
0.218475343,0.280511628,1
0.005520504,0.086958018,1
0.344336075,0.243461758,1
0.234351166,0.299080223,1
0.102976985,0.167360987,1
0.054211481,0.169199004,1
0.222239589,0.186765388,1
0.233131518,0.328919937,1
0.168198114,0.252051902,1
0.187127726,0.207543141,1
0.320591292,0.428181492,1
0.106518783,0.169100071,1
0.190032217,0.215262629,1
0.096928635,0.175313992,1
0.128118918,0.196255993,1
0.145240112,0.206547087,1
0.264066348,0.373916805,1
0.07046228,0.275149846,1
0.014681365,0.224454145,1
0.118324711,0.184161787,1
0.336322924,0.50199944,1
0.101585038,0.14344695,1
0.034092375,0.269856406,1
0.061062921,0.201515907,1
0.050639346,0.172908519,1
0.05132148,0.23388504,1
0.230670489,0.413470953,1
0.011394539,0.231318355,1
0.021109491,0.241317855,1
0.004206233,0.211821982,1
0.03412564,0.202435605,1
0.429172664,0.359159942,1
0.190167782,0.187636868,1
0.043047106,0.235791849,1
0.286160583,0.258075001,1
0.263982132,0.243956942,1
0.282418737,0.250339457,1
0.003588043,0.25058467,1
0.116548249,0.234480713,1
0.0961794,0.227222758,1
0,0.093217468,1
0.368469052,0.308249904,1
0.329960979,0.309472118,1
0.1986494,0.383307746,1
0.187891224,0.153946583,1
0.161467676,0.171819812,1
0.299975025,0.331803131,1
0.245417517,0.266330175,1
0.01177017,0.197580482,1
0.334881804,0.288850305,1
0.113568533,0.198065587,1
0.308577568,0.341337991,1
0.131527811,0.131556744,1
0.002516935,0.141620745,1
0.054723651,0.116788753,1
0.153609622,0.246575211,1
0.035811072,0.162865715,1
0.368473482,0.320251054,1
0.4090036,0.379914519,1
0.384606667,0.419842492,1
0.075392472,0.212099596,1
0.132625814,0.257568373,1
0.037585488,0.143902138,1
0.13366944,0.13693001,1
0.361835599,0.306517203,1
0.111584375,0.19424202,1
0.001257525,0.127084019,1
0.201773702,0.180000159,1
0.19651309,0.269698551,1
0.17999924,0.32664359,1
0.167147612,0.185400432,1
0.163927345,0.148860148,1
0.18518574,0.178385953,1
0.199931587,0.247129811,1
0.064302801,0.695420906,2
0.034633781,0.427447966,2
0.078092226,0.249661647,1
0.082462245,0.229027745,1
0.259935514,0.320448118,1
0.126187113,0.161001387,1
0.134735389,0.196736277,1
0.196268796,0.191828505,1
0.070432415,0.477949036,2
0.19961017,0.253310081,1
0.056071898,0.291599013,1
0.012908352,0.162380685,1
0.108373391,0.149078415,1
0.06638576,0.585307052,2
0.220184795,0.170132381,1
0.003517159,0.213591474,1
0.06070044,0.435653317,2
0.296041107,0.279042776,1
0.277045515,0.254983929,1
0.063563476,0.365078853,2
0.154955466,0.195082805,1
0.210504988,0.162465718,1
0.067415229,0.509854517,2
0.092850697,0.081389939,1
0.061134734,0.489703953,2
0.453941777,0.368289477,1
0.056230389,0.121448672,1
0.111488785,0.17600816,1
0.058039293,0.469310244,2
0.199003413,0.208560212,1
0.064771437,0.546633731,2
0.286502745,0.23392558,1
0.106174523,0.119529337,1
0.412815676,0.280620377,1
0.045957457,0.34962015,2
0.060232409,0.42904459,2
0.200081828,0.176798631,1
0.150644473,0.204335015,1
0.05930321,0.552847355,2
0.064510885,0.144647408,1
0.008989561,0.112718686,1
0.276561802,0.352676653,1
0.063050823,0.506393002,2
0.237797828,0.260390716,1
0.058729701,0.475430507,2
0.057460903,0.540009535,2
0.277566219,0.270209873,1
0.148293039,0.268377565,1
0.054177243,0.361602649,2
0.012918337,0.235120606,1
0.178896114,0.221338715,1
0.081610596,0.248839817,1
0.266165131,0.279526356,1
0.294792396,0.312131819,1
0.369149909,0.474493682,1
0.102682465,0.250586913,1
0.081111358,0.189782807,1
0.182004389,0.283435109,1
0.011989322,0.225868356,1
0.048139295,0.164860248,1
0.219850455,0.26925354,1
0.179515833,0.148372085,1
0.305476342,0.294364458,1
0.268110629,0.34535145,1
0.04792135,0.106944959,1
0.137159442,0.25658464,1
0.29561589,0.412595612,1
0.140412609,0.145848042,1
0.211970318,0.218169429,1
0.001474259,0.190133491,1
0.119403755,0.156223852,1
0.319345767,0.366032764,1
0.109930403,0.110823262,1
0.092781159,0.13546123,1
0.090009148,0.198109937,1
0.27187291,0.357754504,1
0.117726362,0.34413936,2
0.020872151,0.19069474,1
0.183681733,0.237847069,1
0.30321083,0.3825609,1
0.313676813,0.432885774,1
0.23181549,0.288782078,1
0.013194009,0.223973142,1
0.085781149,0.126419434,1
0.157723546,0.185515089,1
0.222809568,0.253499399,1
0.14330857,0.201706897,1
0.028178699,0.215136412,1
0.229019734,0.22571047,1
0.003678387,0.231880931,1
0.184905751,0.249808189,1
0.077893513,0.241667223,1
0.010681817,0.175228838,1
0.233557046,0.21132697,1
0.225300712,0.400906565,1
0.06618977,0.169854512,1
0.250358026,0.282655361,1
0.011804591,0.176986015,1
0.183056052,0.278914543,1
0.013276021,0.202442565,1
0.107351555,0.193580815,1
0.468028778,0.421441912,1
0.003109606,0.184659637,1
0.015277756,0.210226704,1
0.014154744,0.214559071,1
0.250804657,0.28617801,1
0.056654861,0.146545767,1
0.30049923,0.255482132,1
0.00571933,0.255062968,1
0.190476386,0.323759336,1
0.128746397,0.132122526,1
0.108282018,0.214591583,1
0.169741114,0.19428742,1
0.144257829,0.110104941,1
0.086598083,0.165190115,1
0.274797533,0.346394483,1
0.109189058,0.135870039,1
0.351216658,0.290792332,1
0.001762446,0.159743914,1
0.304847375,0.280443275,1
0.125066889,0.182085556,1
0.348292292,0.2702283,1
0.305181311,0.338727599,1
0.003708586,0.157928251,1
0.205365199,0.195432016,1
0.446713923,0.366436065,1
0.289318221,0.244989698,1
0.429355148,0.329730121,1
0.095921827,0.141331877,1
0.066027246,0.740570481,2
0.1443915,0.189418353,1
0.021822816,0.148299298,1
0.003707395,0.099524837,1
0.010854775,0.146611502,1
0.310054608,0.304605832,1
0.062750575,0.220195023,1
0.067303149,0.524218418,2
0.305265922,0.312804674,1
0.391508701,0.382675011,1
0.06103042,0.488587752,2
0.134242422,0.104111967,1
0.008288128,0.097016547,1
0.060262578,0.478108095,2
0.139173723,0.258221877,1
0.146161705,0.228859619,1
0.29092953,0.244140454,1
0.125739652,0.289870581,1
0.006047033,0.156824146,1
0.052876082,0.454318251,2
0.094602321,0.163055314,1
0.119740271,0.333570413,2
0.063470334,0.564517071,2
0.065630359,0.470467103,2
0.450100572,0.411125963,1
0.210541143,0.326861493,1
0.15219282,0.23004722,1
0.043675104,0.136539164,1
0.05740324,0.456506861,2
0.15560602,0.255808383,1
0.317561243,0.323623232,1
0.059749858,0.398530659,2
0.044372242,0.194348065,1
0.054098758,0.467331812,2
0.009894442,0.151742667,1
0.16336804,0.193143041,1
0.199797637,0.231664302,1
0.047725214,0.565995113,2
0.059336367,0.097226149,1
0.061151062,0.424338812,2
0.284663016,0.285851577,1
0.060943691,0.478376031,2